,timestamp,open,high,low,close,volume,vwap
0,2020-04-08 05:00:00+00:00,7314.0,7314.0,7314.0,7314.0,0.0001,7314.0
1,2020-04-14 05:00:00+00:00,7101.5,7101.5,7100.0,7100.0,0.0002,7100.75
2,2020-04-22 05:00:00+00:00,7118.5,7118.5,7118.5,7118.5,0.0001,7118.5
3,2020-04-28 05:00:00+00:00,7748.5,7836.0,7748.5,7836.0,0.084,7835.6875
4,2020-04-30 05:00:00+00:00,8829.0,8829.0,8653.0,8653.0,0.0134,8715.8059701493
5,2020-05-01 05:00:00+00:00,8826.5,8834.0,8716.0,8816.5,0.3007,8830.6735949451
6,2020-05-02 05:00:00+00:00,9045.0,9045.0,9045.0,9045.0,0.0068,9045.0
7,2020-05-04 05:00:00+00:00,8955.0,8955.0,8883.5,8883.5,0.5008,8883.6142172524
8,2020-05-05 05:00:00+00:00,9007.5,9007.5,8877.5,8889.5,1.0382,9003.8638990561
9,2020-05-07 05:00:00+00:00,9730.0,9800.5,9730.0,9800.5,1.8039,9768.31207384
10,2020-05-08 05:00:00+00:00,10001.5,10001.5,10001.5,10001.5,1.797,10001.5
11,2020-05-09 05:00:00+00:00,9501.0,9501.0,8484.0,8484.0,1.9421,9437.7358529427
12,2020-05-10 05:00:00+00:00,8430.0,8520.5,8389.0,8520.5,1.9132,8389.4800073176
13,2020-05-11 05:00:00+00:00,8248.5,8581.0,8248.5,8511.5,1.5104,8579.3337526483
14,2020-05-12 05:00:00+00:00,8843.5,8843.5,8843.5,8843.5,0.0282,8843.5
15,2020-05-13 05:00:00+00:00,9285.0,9285.0,9285.0,9285.0,1.0,9285.0
16,2020-05-14 05:00:00+00:00,9615.0,9615.0,9615.0,9615.0,0.9991,9615.0
17,2020-05-18 05:00:00+00:00,9601.0,9601.0,9601.0,9601.0,0.0104,9601.0
18,2020-05-21 05:00:00+00:00,8984.0,8984.0,8984.0,8984.0,0.0061,8984.0
19,2020-05-22 05:00:00+00:00,8996.5,9216.0,8961.0,9152.5,0.5099,9153.6467934889
20,2020-05-23 05:00:00+00:00,9244.5,9246.5,9244.5,9246.5,0.0127,9245.4921259843
21,2020-05-24 05:00:00+00:00,8940.0,9042.5,8628.0,8794.0,0.3399,8825.418946749
22,2020-05-25 05:00:00+00:00,8769.0,8922.0,8769.0,8921.5,0.0364,8893.6634615385
23,2020-05-26 05:00:00+00:00,8900.0,8903.5,8788.5,8832.0,3.8477,8840.5649998701
24,2020-05-27 05:00:00+00:00,8843.5,9274.5,8843.5,9274.5,2.1542,9139.7683594838
25,2020-05-28 05:00:00+00:00,9167.0,9549.0,9167.0,9478.5,2.7834,9434.3039987066
26,2020-05-29 05:00:00+00:00,9481.5,9549.5,9336.5,9549.5,1.6364,9421.3318565143
27,2020-05-30 05:00:00+00:00,9497.5,9697.0,9495.5,9658.5,3.1834,9606.7233304015
28,2020-05-31 05:00:00+00:00,9458.0,9458.0,9438.5,9438.5,0.0459,9445.0849673203
29,2020-06-01 05:00:00+00:00,9568.5,10393.0,9515.0,10106.5,5.9507,9979.7590115449
30,2020-06-02 05:00:00+00:00,10133.0,10157.5,9329.5,9471.5,17.8979,9631.6683158359
31,2020-06-03 05:00:00+00:00,9675.0,9675.0,9666.5,9666.5,0.2737,9672.5652173913
32,2020-06-04 05:00:00+00:00,9647.0,9839.0,9586.0,9781.0,2.8638,9692.2480620155
33,2020-06-05 05:00:00+00:00,9697.0,9759.0,9594.5,9594.5,6.1159,9667.4473339983
34,2020-06-06 05:00:00+00:00,9683.5,9685.5,9618.0,9680.0,8.3442,9630.1647851202
35,2020-06-07 05:00:00+00:00,9627.0,9761.0,9390.0,9754.0,2.0764,9651.5536746292
36,2020-06-08 05:00:00+00:00,9672.0,9850.5,9578.5,9578.5,3.6676,9670.7941296761
37,2020-06-09 05:00:00+00:00,9723.0,9756.0,9709.5,9756.0,0.4988,9720.181936648
38,2020-06-10 05:00:00+00:00,9752.0,9949.0,9714.5,9905.5,7.6779,9882.9200627776
39,2020-06-11 05:00:00+00:00,9888.0,9888.0,9070.0,9330.0,15.5913,9333.7346051965
40,2020-06-12 05:00:00+00:00,9377.5,9527.0,9377.5,9396.5,2.584,9441.0547987616
41,2020-06-13 05:00:00+00:00,9471.0,9471.0,9436.0,9436.0,0.1339,9445.3838685586
42,2020-06-14 05:00:00+00:00,9387.0,9418.0,9173.5,9211.5,7.5439,9325.7926602951
43,2020-06-15 05:00:00+00:00,9090.0,9585.0,8915.5,9545.5,18.4903,9216.7690140236
44,2020-06-16 05:00:00+00:00,9560.5,9560.5,9407.0,9459.5,4.0727,9529.5407223709
45,2020-06-17 05:00:00+00:00,9461.5,9513.0,9293.5,9411.5,9.6448,9396.0856212674
46,2020-06-18 05:00:00+00:00,9439.0,9450.5,9264.5,9310.5,2.9675,9350.9903959562
47,2020-06-19 05:00:00+00:00,9286.0,9411.5,9269.0,9317.5,7.5843,9336.8757894598
48,2020-06-20 05:00:00+00:00,9318.0,9399.5,9160.5,9381.5,16.9707,9332.346391133
49,2020-06-21 05:00:00+00:00,9374.5,9394.5,9300.5,9394.5,8.9781,9358.018105167
50,2020-06-22 05:00:00+00:00,9417.5,9759.0,9407.0,9627.5,9.0819,9598.9667800791
51,2020-06-23 05:00:00+00:00,9626.5,9689.5,9595.5,9654.5,7.7374,9643.8939630884
52,2020-06-24 05:00:00+00:00,9641.0,9668.5,9018.5,9105.5,22.1521,9356.9317107633
53,2020-06-25 05:00:00+00:00,9170.5,9290.5,9170.5,9234.5,6.054,9222.8794350842
54,2020-06-26 05:00:00+00:00,9198.0,9218.5,9057.5,9164.0,8.5155,9134.511091539
55,2020-06-27 05:00:00+00:00,9152.5,9186.0,8853.5,8942.5,15.8737,9018.758887342
56,2020-06-28 05:00:00+00:00,8989.5,9188.0,8989.5,9132.0,5.6269,9081.663322611
57,2020-06-29 05:00:00+00:00,9115.0,9230.0,9059.0,9169.5,7.5112,9099.8334420599
58,2020-06-30 05:00:00+00:00,9136.0,9186.0,9072.0,9110.5,2.8938,9149.3725723962
59,2020-07-01 05:00:00+00:00,9129.5,9270.0,9129.5,9240.5,5.4679,9230.826688491
60,2020-07-02 05:00:00+00:00,9208.0,9244.0,8990.0,9109.0,12.219,9075.4810377281
61,2020-07-03 05:00:00+00:00,9106.0,9125.0,9065.5,9092.0,2.6835,9112.8525433203
62,2020-07-04 05:00:00+00:00,9087.0,9169.0,9063.0,9130.0,7.4914,9132.0653816376
63,2020-07-05 05:00:00+00:00,9094.5,9119.5,8916.0,9096.0,12.8973,9069.1803633319
64,2020-07-06 05:00:00+00:00,9101.5,9357.5,9101.5,9286.5,7.6451,9267.2898588638
65,2020-07-07 05:00:00+00:00,9276.0,9319.5,9240.5,9270.5,7.0619,9274.4959854997
66,2020-07-08 05:00:00+00:00,9277.0,9456.0,9270.5,9402.5,17.6232,9358.8670417404
67,2020-07-09 05:00:00+00:00,9383.0,9416.5,9171.5,9219.0,25.4579,9355.5909462289
68,2020-07-10 05:00:00+00:00,9130.0,9320.0,9128.5,9260.0,21.5727,9210.1372730349
69,2020-07-11 05:00:00+00:00,9271.0,9273.5,9190.0,9272.0,4.8302,9238.257577326
70,2020-07-12 05:00:00+00:00,9260.0,9337.0,9162.0,9276.0,10.4321,9258.7312429904
71,2020-07-13 05:00:00+00:00,9281.0,9324.5,9154.5,9187.0,16.263,9258.543346861
72,2020-07-14 05:00:00+00:00,9194.5,9275.0,9110.5,9250.0,16.7486,9200.2334045831
73,2020-07-15 05:00:00+00:00,9237.5,9237.5,9172.0,9203.5,6.7363,9207.6431052655
74,2020-07-16 05:00:00+00:00,9194.0,9194.0,9037.5,9106.0,14.6999,9115.5067177328
75,2020-07-17 05:00:00+00:00,9120.0,9171.0,9103.0,9141.5,9.832,9146.3685465826
76,2020-07-18 05:00:00+00:00,9138.0,9200.0,9138.0,9164.0,0.8714,9177.9504246041
77,2020-07-19 05:00:00+00:00,9145.0,9145.0,9123.5,9132.5,2.1502,9134.323318761
78,2020-07-20 05:00:00+00:00,9200.5,9200.5,9180.0,9180.0,0.1066,9200.2692307692
79,2020-07-21 05:00:00+00:00,9323.5,9434.0,9323.5,9380.0,1.4517,9355.2960322381
80,2020-07-22 05:00:00+00:00,9302.5,9563.5,9302.5,9541.5,0.9153,9503.0856549765
81,2020-07-23 05:00:00+00:00,9471.5,9662.0,9471.5,9550.5,0.5215,9627.3418024928
82,2020-07-24 05:00:00+00:00,9539.5,9540.0,9535.0,9535.0,0.8876,9538.7708427219
83,2020-07-25 05:00:00+00:00,9674.0,9708.0,9674.0,9708.0,0.2178,9696.0890725436
84,2020-07-26 05:00:00+00:00,9835.5,10307.5,9835.5,10307.5,0.551,10021.3699637024
85,2020-07-27 05:00:00+00:00,10362.0,11288.5,10362.0,10928.0,0.8152,10925.3975711482
86,2020-07-28 05:00:00+00:00,10790.0,10955.0,10708.0,10955.0,0.2986,10775.3747488279
87,2020-07-29 05:00:00+00:00,11235.5,11235.5,11235.5,11235.5,0.356,11235.5
88,2020-07-30 05:00:00+00:00,10957.5,11165.5,10957.5,11165.5,0.2157,11126.1685210941
89,2020-07-31 05:00:00+00:00,11125.0,11420.0,11125.0,11420.0,0.8033,11343.4165318063
90,2020-08-01 05:00:00+00:00,11619.5,12035.0,10594.5,11221.5,0.6674,11656.0941714114
91,2020-08-02 05:00:00+00:00,11330.5,11345.0,10960.5,11138.5,3.0551,11196.5504566135
92,2020-08-03 05:00:00+00:00,11180.5,11310.5,11180.5,11235.0,0.9799,11237.7709970405
93,2020-08-05 05:00:00+00:00,11694.5,11694.5,11694.5,11694.5,0.0887,11694.5
94,2020-08-06 05:00:00+00:00,11822.5,11854.5,11776.0,11776.0,0.2737,11793.9369747899
95,2020-08-07 05:00:00+00:00,11810.0,11814.0,11450.0,11558.0,54.7003,11777.9349254026
96,2020-08-09 05:00:00+00:00,11634.0,12000.0,11634.0,12000.0,0.7782,11696.1503469545
97,2020-08-10 05:00:00+00:00,11894.0,11963.0,11498.0,11963.0,2.1136,11793.6017458365
98,2020-08-11 05:00:00+00:00,11696.5,11696.5,11128.5,11269.0,2.2759,11392.5428401951
99,2020-08-12 05:00:00+00:00,11200.0,11596.5,11200.0,11568.0,2.7776,11572.1955645161
100,2020-08-13 05:00:00+00:00,11592.5,11681.0,11497.0,11681.0,0.1951,11652.48026653
101,2020-08-14 05:00:00+00:00,11775.0,11938.0,11775.0,11938.0,0.1427,11854.6457603364
102,2020-08-15 05:00:00+00:00,11908.5,11910.0,11807.0,11909.0,3.2625,11908.2072030651
103,2020-08-17 05:00:00+00:00,12017.5,12385.0,11847.5,12300.0,6.1524,12354.7947467655
104,2020-08-18 05:00:00+00:00,12278.0,12278.0,11689.5,11689.5,2.2894,11897.6195946536
105,2020-08-19 05:00:00+00:00,11690.0,11820.0,11600.0,11778.5,0.177,11714.9257062147
106,2020-08-20 05:00:00+00:00,11857.5,11857.5,11857.5,11857.5,0.0084,11857.5
107,2020-08-21 05:00:00+00:00,11674.5,11720.5,11400.0,11400.0,0.7348,11434.4410724007
108,2020-08-23 05:00:00+00:00,11569.5,11569.5,11557.0,11557.0,0.1824,11564.1716008772
109,2020-08-24 05:00:00+00:00,11728.5,11756.5,11710.0,11756.5,2.0662,11733.0543025845
110,2020-08-25 05:00:00+00:00,11374.0,11384.0,11138.0,11384.0,0.7297,11307.5572838153
111,2020-08-26 05:00:00+00:00,11393.5,11532.0,11312.5,11390.0,0.8904,11367.6745283019
112,2020-08-27 05:00:00+00:00,11348.0,11500.5,11167.0,11360.0,1.1454,11263.7324951982
113,2020-08-28 05:00:00+00:00,11460.5,11532.0,11460.5,11487.0,0.6643,11467.7928646696
114,2020-08-30 05:00:00+00:00,11653.0,11689.5,11647.0,11689.5,0.0205,11653.5146341463
115,2020-08-31 05:00:00+00:00,11740.5,11749.5,11727.0,11732.5,2.0092,11736.142768266
116,2020-09-01 05:00:00+00:00,11805.5,12005.5,11805.5,11847.5,0.4049,11947.1801679427
117,2020-09-02 05:00:00+00:00,11867.5,11867.5,11195.5,11288.5,6.3108,11477.9439373772
118,2020-09-03 05:00:00+00:00,11310.0,11407.5,10054.5,10267.0,22.4305,10686.8241077996
119,2020-09-04 05:00:00+00:00,10276.0,10537.5,9919.5,10430.0,8.0816,10264.1710676104
120,2020-09-05 05:00:00+00:00,10456.5,10497.0,9888.0,10035.0,44.5082,10199.5698017444
121,2020-09-06 05:00:00+00:00,10072.5,10342.0,10004.0,10208.0,26.8454,10207.2395643201
122,2020-09-07 05:00:00+00:00,10161.5,10387.5,9888.5,10268.5,24.7567,10136.5297676992
123,2020-09-08 05:00:00+00:00,10268.5,10304.0,9887.0,10034.5,18.5892,10102.8372146192
124,2020-09-09 05:00:00+00:00,10115.0,10402.0,10083.5,10396.0,20.4073,10307.7079696971
125,2020-09-10 05:00:00+00:00,10400.5,10485.5,10214.0,10261.5,16.9758,10371.0276746899
126,2020-09-11 05:00:00+00:00,10262.0,10399.0,10239.0,10347.5,10.632,10316.6903263732
127,2020-09-12 05:00:00+00:00,10363.5,10550.5,10285.5,10543.5,11.269,10395.9040509362
128,2020-09-13 05:00:00+00:00,10540.0,10561.5,10229.0,10339.5,11.8908,10315.6647660376
129,2020-09-14 05:00:00+00:00,10373.0,10795.5,10356.5,10723.0,24.0349,10634.6602752664
130,2020-09-15 05:00:00+00:00,10719.0,10919.0,10632.0,10758.5,19.8411,10760.2757584005
131,2020-09-16 05:00:00+00:00,10797.0,11076.5,10797.0,10897.5,8.2531,10952.7905817208
132,2020-09-17 05:00:00+00:00,10908.5,10960.0,10797.0,10896.0,17.8712,10899.1016803572
133,2020-09-18 05:00:00+00:00,10917.0,11029.0,10821.0,10965.0,72.3027,10901.6843312905
134,2020-09-19 05:00:00+00:00,10945.0,11161.0,10911.5,10969.0,25.8932,11016.730295985
135,2020-09-20 05:00:00+00:00,10961.0,10988.5,10769.5,10965.0,12.3964,10879.9300643735
136,2020-09-21 05:00:00+00:00,10963.0,10974.5,10320.5,10461.5,30.5636,10617.1629667317
137,2020-09-22 05:00:00+00:00,10457.0,10554.5,10365.0,10466.5,17.6452,10468.9793598259
138,2020-09-23 05:00:00+00:00,10482.5,10528.5,10153.5,10297.5,10.6366,10381.0525308839
139,2020-09-24 05:00:00+00:00,10307.5,10745.0,10284.5,10706.0,23.724,10584.7453359467
140,2020-09-25 05:00:00+00:00,10653.0,10757.0,10563.5,10736.0,10.0096,10694.7873391544
141,2020-09-26 05:00:00+00:00,10744.0,10821.5,10678.5,10785.0,2.3677,10732.1847151244
142,2020-09-27 05:00:00+00:00,10745.5,10944.5,10634.5,10934.0,2.2521,10689.6644021136
143,2020-09-28 05:00:00+00:00,10846.5,10940.5,10654.5,10686.0,4.9246,10772.7993644154
144,2020-09-29 05:00:00+00:00,10687.0,10821.5,10659.0,10774.5,14.3606,10699.8482793198
145,2020-09-30 05:00:00+00:00,10740.0,10858.5,10676.0,10810.0,4.1873,10801.0804933967
146,2020-10-01 05:00:00+00:00,10821.0,10913.0,10477.0,10654.5,5.5059,10671.7541818776
147,2020-10-02 05:00:00+00:00,10508.0,10563.5,10385.0,10563.5,4.655,10492.8319334049
148,2020-10-03 05:00:00+00:00,10501.5,10574.5,10501.5,10574.5,1.1826,10558.2643751057
149,2020-10-04 05:00:00+00:00,10602.5,10724.0,10589.5,10662.0,0.3321,10613.0412526347
150,2020-10-05 05:00:00+00:00,10642.0,10799.0,10642.0,10774.5,5.9279,10721.7347036893
151,2020-10-06 05:00:00+00:00,10757.5,10759.5,10538.5,10589.0,12.1321,10620.4592115133
152,2020-10-07 05:00:00+00:00,10617.5,10683.0,10578.5,10649.5,6.567,10624.8188975179
153,2020-10-08 05:00:00+00:00,10625.0,10939.0,10557.0,10890.0,7.3352,10742.273087305
154,2020-10-09 05:00:00+00:00,10849.5,11494.5,10837.0,11409.5,37.0015,11132.2799575693
155,2020-10-10 05:00:00+00:00,11391.5,11411.5,11259.5,11307.5,12.8595,11329.7165869591
156,2020-10-11 05:00:00+00:00,11340.0,11438.0,11282.5,11386.0,11.0004,11362.4381067961
157,2020-10-12 05:00:00+00:00,11388.0,11729.5,11204.0,11487.0,27.9266,11505.0362020439
158,2020-10-13 05:00:00+00:00,11509.5,11556.0,11308.5,11407.5,13.6738,11405.4820532698
159,2020-10-14 05:00:00+00:00,11413.0,11532.0,11293.5,11386.0,12.5491,11402.728247444
160,2020-10-15 05:00:00+00:00,11401.5,11621.0,11216.5,11257.5,25.9342,11398.2514671746
161,2020-10-16 05:00:00+00:00,11315.0,11395.5,11227.5,11371.5,12.5558,11324.9092809698
162,2020-10-17 05:00:00+00:00,11361.0,11403.0,11281.0,11370.0,3.3656,11352.6660179463
163,2020-10-18 05:00:00+00:00,11443.5,11531.5,11413.0,11445.0,8.7795,11458.1338914517
164,2020-10-19 05:00:00+00:00,11424.0,11821.0,11424.0,11743.0,12.2711,11664.4399442593
165,2020-10-20 05:00:00+00:00,11739.0,12281.5,11719.5,12281.5,23.3689,11935.7562315727
166,2020-10-21 05:00:00+00:00,12253.0,13247.0,12171.5,12717.0,42.458,12588.941310236
167,2020-10-22 05:00:00+00:00,12739.0,13169.5,12721.5,12946.0,6.4607,12952.3696426084
168,2020-10-23 05:00:00+00:00,12955.0,13032.0,12750.0,12994.5,12.3936,12933.530277724
169,2020-10-24 05:00:00+00:00,12986.5,13322.0,12937.0,13308.5,6.1468,13145.606982495
170,2020-10-25 05:00:00+00:00,13309.5,13309.5,12920.0,13099.5,10.6562,12997.3257774817
171,2020-10-26 05:00:00+00:00,13028.0,13247.5,12811.0,13086.5,15.4641,12997.0110093701
172,2020-10-27 05:00:00+00:00,13081.5,13851.5,13080.5,13845.0,9.1327,13560.1162690114
173,2020-10-28 05:00:00+00:00,13705.5,13730.0,12899.0,13267.5,25.2452,13270.731356852
174,2020-10-29 05:00:00+00:00,13289.5,13655.0,13000.0,13424.5,12.4685,13398.5060993704
175,2020-10-30 05:00:00+00:00,13297.5,13684.0,13149.0,13496.5,10.2801,13494.9724564936
176,2020-10-31 05:00:00+00:00,13654.5,14055.5,13623.5,13684.0,16.3864,13741.190670312
177,2020-11-01 05:00:00+00:00,13721.0,13842.5,13688.0,13688.0,1.4991,13756.8098525782
178,2020-11-02 06:00:00+00:00,13713.5,13713.5,13262.0,13368.5,23.4435,13527.7469298526
179,2020-11-03 06:00:00+00:00,13374.5,14029.0,13333.5,13952.5,14.5776,13801.874657008
180,2020-11-04 06:00:00+00:00,13819.0,14320.5,13549.0,14320.5,23.1491,13989.4313666622
181,2020-11-05 06:00:00+00:00,14432.5,15931.5,14430.5,15660.5,70.1446,15273.7949478648
182,2020-11-06 06:00:00+00:00,15756.5,15756.5,15205.0,15525.5,31.8022,15484.5618259114
183,2020-11-07 06:00:00+00:00,15435.0,15573.5,14359.5,15022.0,47.4074,14884.7666155495
184,2020-11-08 06:00:00+00:00,14919.5,15675.0,14896.5,15478.5,7.4412,15396.8736628501
185,2020-11-09 06:00:00+00:00,15415.0,15804.5,14834.0,15454.0,33.3855,15280.7975917689
186,2020-11-10 06:00:00+00:00,15446.5,15466.0,15094.5,15379.5,4.7955,15327.355291419
187,2020-11-11 06:00:00+00:00,15395.5,15940.5,15391.5,15760.0,10.7389,15679.2467897084
188,2020-11-12 06:00:00+00:00,15845.0,16445.0,15712.0,16229.5,19.8797,16090.5830218766
189,2020-11-13 06:00:00+00:00,16284.5,16353.0,16026.0,16175.0,5.4751,16271.4286953663
190,2020-11-14 06:00:00+00:00,16191.5,16191.5,15806.0,15930.0,4.0287,15921.0745401742
191,2020-11-15 06:00:00+00:00,16144.0,16144.0,15866.5,16141.0,2.1294,15931.3578942425
192,2020-11-16 06:00:00+00:00,16258.5,16857.5,16199.0,16644.5,16.7179,16508.8771885225
193,2020-11-17 06:00:00+00:00,16637.5,18284.0,16637.5,17659.5,21.2505,17636.2343427213
194,2020-11-18 06:00:00+00:00,18109.5,18229.0,17300.0,17756.0,12.0003,17714.6756289426
195,2020-11-19 06:00:00+00:00,17724.5,18224.5,17481.5,18078.0,14.5861,17995.7658318536
196,2020-11-20 06:00:00+00:00,18180.5,18952.5,18124.5,18683.5,23.633,18567.0036749461
197,2020-11-21 06:00:00+00:00,18773.0,18925.0,18356.0,18500.0,14.7935,18627.5269611654
198,2020-11-22 06:00:00+00:00,18471.0,18685.5,17637.5,18433.0,23.1893,18176.6556709344
199,2020-11-23 06:00:00+00:00,18406.5,18765.5,18175.0,18363.5,18.344,18489.6164658744
200,2020-11-24 06:00:00+00:00,18268.0,19412.5,18071.5,18837.0,62.3518,18903.6052415488
201,2020-11-25 06:00:00+00:00,19067.5,19507.0,16861.0,17878.0,51.8869,18429.5913429016
202,2020-11-26 06:00:00+00:00,17934.0,17955.0,16268.0,17089.0,46.1305,16929.5119758078
203,2020-11-27 06:00:00+00:00,17270.0,17270.0,16485.5,16899.5,42.8428,16911.2783711615
204,2020-11-28 06:00:00+00:00,17040.5,17856.5,16903.5,17849.0,17.3756,17466.54375964
205,2020-11-29 06:00:00+00:00,17760.5,18607.0,17695.0,18605.0,13.3782,18285.3391375521
206,2020-11-30 06:00:00+00:00,18518.0,20088.0,18399.0,19479.5,28.7668,19334.9697428981
207,2020-12-01 06:00:00+00:00,19469.5,19916.0,18222.0,18586.5,32.0575,19078.1422241285
208,2020-12-02 06:00:00+00:00,18742.0,19395.5,18665.5,18996.5,9.8933,19051.0204683978
209,2020-12-03 06:00:00+00:00,19029.5,19621.5,18927.0,19315.5,8.9938,19345.5435188686
210,2020-12-04 06:00:00+00:00,19304.0,19420.5,18588.5,18957.5,11.262,18911.0883812822
211,2020-12-05 06:00:00+00:00,19095.5,19357.5,18996.5,19158.0,6.2358,19178.0113778505
212,2020-12-06 06:00:00+00:00,19207.0,19407.0,18977.5,19306.5,4.8738,19210.377631417
213,2020-12-07 06:00:00+00:00,19278.0,19367.5,18917.5,19289.0,13.6103,19150.0872354026
214,2020-12-08 06:00:00+00:00,19293.0,19293.0,18033.0,18209.0,75.9705,18482.2787391158
215,2020-12-09 06:00:00+00:00,18220.0,18614.5,17621.0,18330.5,43.843,18169.0526902812
216,2020-12-10 06:00:00+00:00,18419.0,18458.5,17720.5,17910.5,47.4977,18103.9806895913
217,2020-12-11 06:00:00+00:00,17897.5,18406.0,17556.5,18400.0,45.8275,18008.2494266543
218,2020-12-12 06:00:00+00:00,18321.0,18973.0,18295.5,18869.5,22.1137,18638.6718776143
219,2020-12-13 06:00:00+00:00,18882.0,19430.0,18882.0,19081.0,41.0814,19207.8805079671
220,2020-12-14 06:00:00+00:00,19103.5,19544.0,19043.0,19124.5,51.4986,19247.5078963312
221,2020-12-15 06:00:00+00:00,19114.0,19536.5,19069.0,19349.0,30.7781,19356.0137142969
222,2020-12-16 06:00:00+00:00,19388.5,22334.5,19388.5,22275.5,105.3367,20837.0250131246
223,2020-12-17 06:00:00+00:00,22291.0,23759.0,22075.5,22958.0,134.9533,22908.9650971855
224,2020-12-18 06:00:00+00:00,22919.0,23280.5,22389.0,22985.0,49.2979,22862.4940981259
225,2020-12-19 06:00:00+00:00,22936.5,24151.0,22802.5,23542.0,82.231,23560.7402317861
226,2020-12-20 06:00:00+00:00,23509.0,24317.5,23178.0,23907.0,72.7233,23654.2978790841
227,2020-12-21 06:00:00+00:00,23851.0,24115.0,22066.0,22660.0,108.1773,22924.6813166903
228,2020-12-22 06:00:00+00:00,22740.0,24043.0,22400.0,23469.5,94.8131,23354.943313213
229,2020-12-23 06:00:00+00:00,23530.0,24099.5,22650.0,23084.5,102.6366,23313.6468228683
230,2020-12-24 06:00:00+00:00,23138.5,23762.0,22851.0,23606.0,56.0252,23416.0996962081
231,2020-12-25 06:00:00+00:00,23610.0,24995.0,23522.0,24718.5,88.0952,24334.161571232
232,2020-12-26 06:00:00+00:00,24638.0,26911.0,24606.0,26864.0,62.8347,25824.1414584616
233,2020-12-27 06:00:00+00:00,26975.0,28313.0,25816.5,26939.0,93.7326,27004.058927737
234,2020-12-28 06:00:00+00:00,26866.5,27487.0,25848.5,26406.5,46.2245,26827.6251976766
235,2020-12-29 06:00:00+00:00,26251.5,28219.5,26233.5,28071.0,64.5029,27163.2872878584
236,2020-12-30 06:00:00+00:00,28052.0,29325.0,27373.5,28985.0,77.3468,28433.7155279856
237,2020-12-31 06:00:00+00:00,29022.5,29528.0,28075.5,29240.5,67.2761,28913.0728052013
238,2021-01-01 06:00:00+00:00,29225.0,29631.0,28750.0,29631.0,25.0765,29330.8267660957
239,2021-01-02 06:00:00+00:00,29585.0,34172.5,29566.5,33666.5,237.1624,32113.1735426864
240,2021-01-03 06:00:00+00:00,33791.5,34820.5,32335.0,32919.0,291.5292,33900.4502085897
241,2021-01-04 06:00:00+00:00,33013.0,33448.5,27794.0,30464.5,642.743,30211.437917488
242,2021-01-05 06:00:00+00:00,30493.0,35878.5,29900.0,34863.0,999.8524,32039.9480632841
243,2021-01-06 06:00:00+00:00,35174.0,37816.5,33728.5,37552.5,72.5406,35558.7134659763
244,2021-01-07 06:00:00+00:00,37580.0,40382.0,36370.5,38011.5,189.9986,38265.1929972116
245,2021-01-08 06:00:00+00:00,37987.0,41939.0,37629.0,39306.5,891.9847,40220.644006562
246,2021-01-09 06:00:00+00:00,39306.5,41440.0,39087.5,40559.5,805.9455,40050.3381380006
247,2021-01-10 06:00:00+00:00,40503.5,41145.5,33714.0,34562.0,2719.2478,36814.4071550963
248,2021-01-11 06:00:00+00:00,34770.0,36227.5,30243.0,35721.0,1749.5832,33505.0722125704
249,2021-01-12 06:00:00+00:00,35967.0,36554.0,32422.0,33047.0,659.7865,33961.489288732
250,2021-01-13 06:00:00+00:00,33368.0,38125.0,33368.0,37600.0,1382.6692,36055.4580933024
251,2021-01-14 06:00:00+00:00,37549.0,40120.0,37549.0,37809.0,80.0311,38741.5835406486
252,2021-01-15 06:00:00+00:00,37663.0,38726.0,34600.0,35675.0,87.252,36533.6669245404
253,2021-01-16 06:00:00+00:00,35896.0,37908.0,35500.0,35528.0,38.5548,36715.354759978
254,2021-01-17 06:00:00+00:00,35369.0,36684.0,33840.0,35400.0,1099.4207,35438.7865419489
255,2021-01-18 06:00:00+00:00,35347.0,37408.0,35113.0,36301.0,1287.2064,36782.5998851466
256,2021-01-19 06:00:00+00:00,36246.0,37794.0,34773.0,35458.0,448.3384,36382.2938922921
257,2021-01-20 06:00:00+00:00,35443.0,35776.0,33434.0,34529.0,1613.6406,34738.5531690266
258,2021-01-21 06:00:00+00:00,34511.0,34647.0,28874.0,31885.0,2960.55,31302.8010884802
259,2021-01-22 06:00:00+00:00,31847.0,33791.0,30559.0,33303.0,416.1325,33004.407950112
260,2021-01-23 06:00:00+00:00,33406.0,33484.0,31499.0,32801.0,45.8619,32235.2550395862
261,2021-01-24 06:00:00+00:00,33058.0,33768.0,30946.0,33266.0,303.281,32426.7217893637
262,2021-01-25 06:00:00+00:00,33483.0,34846.0,31501.0,32287.0,1322.1731,32769.5581034737
263,2021-01-26 06:00:00+00:00,31936.0,32830.0,30900.0,31526.0,455.9741,31636.0234530865
264,2021-01-27 06:00:00+00:00,31606.0,31719.0,29275.0,31622.0,2268.0393,30676.9610523504
265,2021-01-28 06:00:00+00:00,31807.0,34412.0,31019.0,33016.0,1143.9429,32198.4179926288
266,2021-01-29 06:00:00+00:00,32947.0,38579.0,31984.0,33467.0,1324.4976,33785.4029794391
267,2021-01-30 06:00:00+00:00,33423.0,34752.0,33196.0,33749.0,1054.5087,34058.4863899179
268,2021-01-31 06:00:00+00:00,33710.0,34181.0,32187.0,33779.0,974.5087,32611.185938104
269,2021-02-01 06:00:00+00:00,33787.0,34697.0,33145.0,33992.0,815.6117,33830.6801907084
270,2021-02-02 06:00:00+00:00,33997.0,36891.0,33997.0,36514.0,271.568,35706.1158976757
271,2021-02-03 06:00:00+00:00,36623.0,38300.0,35593.0,37652.0,248.0146,37078.2543955074
272,2021-02-04 06:00:00+00:00,37617.0,38753.0,36257.0,37198.0,473.3276,37126.3215259368
273,2021-02-05 06:00:00+00:00,37489.0,39700.0,37248.0,39065.0,942.6496,38579.4808401765
274,2021-02-06 06:00:00+00:00,39026.0,40935.0,37991.0,38586.0,566.6769,40303.7877949498
275,2021-02-07 06:00:00+00:00,38585.0,39725.0,37429.0,38690.0,71.559,38379.361081066
276,2021-02-08 06:00:00+00:00,38722.0,47566.0,38722.0,47000.0,1396.3864,44235.1519194114
277,2021-02-09 06:00:00+00:00,46769.0,48158.0,44921.0,46157.0,279.0328,46433.9986023149
278,2021-02-10 06:00:00+00:00,46188.0,47336.0,43711.0,44672.0,620.8316,44772.9788552967
279,2021-02-11 06:00:00+00:00,44683.0,49053.0,44459.0,47392.0,681.3354,47895.2186243369
280,2021-02-12 06:00:00+00:00,47234.0,48220.0,46182.0,47984.0,500.7414,47208.4526757724
281,2021-02-13 06:00:00+00:00,47840.0,48966.0,46265.0,48821.0,407.7111,47491.6670951563
282,2021-02-14 06:00:00+00:00,49061.0,49768.0,45798.0,46783.0,394.1538,46912.6588537266
283,2021-02-15 06:00:00+00:00,46730.0,50045.0,46730.0,49122.0,141.6993,48433.7696036607
284,2021-02-16 06:00:00+00:00,49148.0,50632.0,47800.0,49704.0,367.8712,49419.5539550256
285,2021-02-17 06:00:00+00:00,49709.0,52636.0,49709.0,52136.0,339.3422,51266.0949799347
286,2021-02-18 06:00:00+00:00,52166.0,52265.0,50841.0,51413.0,98.2971,51643.7314712235
287,2021-02-19 06:00:00+00:00,51500.0,56674.0,51479.0,55684.0,145.9709,54535.4674548146
288,2021-02-20 06:00:00+00:00,55701.0,57503.0,54004.0,56551.0,115.6422,56181.440061673
289,2021-02-21 06:00:00+00:00,56566.0,58329.0,55113.0,55711.0,211.2919,56838.9147638883
290,2021-02-22 06:00:00+00:00,55779.0,56613.0,47068.0,50000.0,1485.0753,52954.6276743004
291,2021-02-23 06:00:00+00:00,49622.0,51310.0,43917.0,50189.0,2818.7034,47224.6606804746
292,2021-02-24 06:00:00+00:00,50220.0,51249.0,48124.0,50280.0,1406.1648,50289.0717271546
293,2021-02-25 06:00:00+00:00,50503.0,52000.0,45501.0,45501.0,843.358,48677.5941462582
294,2021-02-26 06:00:00+00:00,45501.0,48347.0,44138.0,47725.0,720.5015,45976.2674181803
295,2021-02-27 06:00:00+00:00,47852.0,48305.0,44400.0,44654.0,112.1884,46012.5503189278
296,2021-02-28 06:00:00+00:00,44500.0,46851.0,43003.0,46109.0,91.0165,44378.8851526921
297,2021-03-01 06:00:00+00:00,46241.0,50224.0,45863.0,48749.0,266.3889,48963.8925904946
298,2021-03-02 06:00:00+00:00,48708.0,49661.0,47098.0,49099.0,248.7421,48072.3902025431
299,2021-03-03 06:00:00+00:00,49372.0,52609.0,49045.0,49629.0,374.0939,50761.7218340101
300,2021-03-04 06:00:00+00:00,49620.0,50607.0,46300.0,47182.0,309.9853,48284.8277660263
301,2021-03-05 06:00:00+00:00,47278.0,49435.0,46498.0,48533.0,154.3125,48418.8719863913
302,2021-03-06 06:00:00+00:00,48643.0,49822.0,47060.0,49347.0,89.2195,48237.0952482361
303,2021-03-07 06:00:00+00:00,49408.0,51777.0,49162.0,50739.0,81.4864,50978.13593434
304,2021-03-08 06:00:00+00:00,50882.0,54372.0,49389.0,54148.0,120.9438,51921.908149901
305,2021-03-09 06:00:00+00:00,54263.0,55861.0,52990.0,53680.0,163.872,54189.5360879223
306,2021-03-10 06:00:00+00:00,53674.0,57419.0,53641.0,55263.0,933.0067,56340.7322445809
307,2021-03-11 06:00:00+00:00,55111.0,58132.0,54309.0,57213.0,987.5468,55875.986930746
308,2021-03-12 06:00:00+00:00,57184.0,57718.0,55146.0,56691.0,857.3697,57074.561399359
309,2021-03-13 06:00:00+00:00,56779.0,61776.0,56604.0,61043.0,1196.8642,59909.2092549013
310,2021-03-14 06:00:00+00:00,60878.0,61114.0,58755.0,59712.0,516.131,59897.8743359728
311,2021-03-15 05:00:00+00:00,59809.0,59854.0,53311.0,54385.0,642.3061,55409.9312326319
312,2021-03-16 05:00:00+00:00,54385.0,57232.0,53577.0,55590.0,108.9037,55821.2677163402
313,2021-03-17 05:00:00+00:00,55468.0,59640.0,54188.0,58811.0,191.4893,57195.531708038
314,2021-03-18 05:00:00+00:00,58811.0,60007.0,56313.0,57954.0,394.4119,57707.6303689113
315,2021-03-19 05:00:00+00:00,57904.0,59487.0,57462.0,58195.0,83.8033,58459.7127117906
316,2021-03-20 05:00:00+00:00,58305.0,59923.0,56789.0,56810.0,89.5666,58275.3106325349
317,2021-03-21 05:00:00+00:00,57005.0,58126.0,55627.0,57613.0,155.1262,57129.1363489855
318,2021-03-22 05:00:00+00:00,57505.0,58433.0,53678.0,54400.0,238.718,55147.7279677276
319,2021-03-23 05:00:00+00:00,54458.0,55827.0,53017.0,54035.0,332.0314,54654.1257902114
320,2021-03-24 05:00:00+00:00,53909.0,57096.0,51553.0,52186.0,563.0546,54459.2014960894
321,2021-03-25 05:00:00+00:00,52358.0,53147.0,50478.0,52691.0,154.3178,52058.0503830407
322,2021-03-26 05:00:00+00:00,52591.0,55528.0,52450.0,55078.0,96.3692,53734.871099895
323,2021-03-27 05:00:00+00:00,55039.0,56542.0,53988.0,56238.0,211.1852,55709.4349239435
324,2021-03-28 05:00:00+00:00,56275.0,56485.0,54722.0,55334.0,206.0695,55505.1386503097
325,2021-03-29 05:00:00+00:00,55388.0,58372.0,54924.0,57752.0,256.4296,57295.0498238113
326,2021-03-30 05:00:00+00:00,57460.0,60590.0,57379.0,58776.0,212.5369,58757.5118494718
327,2021-03-31 05:00:00+00:00,58628.0,59820.0,56893.0,58826.0,627.0293,58779.6722956965
328,2021-04-01 05:00:00+00:00,58934.0,60140.0,57957.0,59512.0,220.0138,59119.535395507
329,2021-04-02 05:00:00+00:00,59617.0,59693.0,58426.0,59418.0,202.6176,59253.9279124814
330,2021-04-03 05:00:00+00:00,59418.0,59716.0,56500.0,57547.0,246.039,58279.084154951
331,2021-04-04 05:00:00+00:00,57596.0,58460.0,57053.0,57339.0,44.4281,57844.7221060545
332,2021-04-05 05:00:00+00:00,57251.0,59485.0,56829.0,58817.0,77.4067,58836.2368490066
333,2021-04-06 05:00:00+00:00,58832.0,59026.0,57251.0,57606.0,74.7633,58174.7994524051
334,2021-04-07 05:00:00+00:00,57690.0,58609.0,55501.0,56907.0,153.1284,56454.6682751207
335,2021-04-08 05:00:00+00:00,56970.0,58410.0,56323.0,58189.0,109.5025,57504.9873993744
336,2021-04-09 05:00:00+00:00,58204.0,61097.0,57657.0,61060.0,134.8992,59266.338877473
337,2021-04-10 05:00:00+00:00,61175.0,61204.0,58412.0,59979.0,268.2307,60190.2637021042
338,2021-04-11 05:00:00+00:00,59886.0,60602.0,59142.0,60031.0,160.3562,59719.8936698425
339,2021-04-12 05:00:00+00:00,60132.0,61236.0,59490.0,60426.0,187.0397,60117.7930284319
340,2021-04-13 05:00:00+00:00,60528.0,64301.0,60427.0,64301.0,399.1533,62951.1486153315
341,2021-04-14 05:00:00+00:00,64311.0,64945.0,61262.0,62974.0,434.8032,63247.3821020636
342,2021-04-15 05:00:00+00:00,63037.0,63781.0,61625.0,61697.0,623.6686,62878.6515521224
343,2021-04-16 05:00:00+00:00,61549.0,62491.0,60064.0,62257.0,483.9272,61423.6913490294
344,2021-04-17 05:00:00+00:00,62240.0,62456.0,50480.0,54788.0,1371.3067,58153.154418264
345,2021-04-18 05:00:00+00:00,54900.0,57403.0,53131.0,57041.0,1674.3981,55218.6332059861
346,2021-04-19 05:00:00+00:00,57041.0,57800.0,53633.0,55317.0,1686.0655,55241.7344363549
347,2021-04-20 05:00:00+00:00,55301.0,57087.0,53361.0,55495.0,1856.3167,55365.2693258645
348,2021-04-21 05:00:00+00:00,55338.0,56353.0,52653.0,54250.0,1788.542,54908.3297914726
349,2021-04-22 05:00:00+00:00,54365.0,55506.0,48512.0,49124.0,2809.8191,52053.6064822821
350,2021-04-23 05:00:00+00:00,49200.0,51322.0,47413.0,50477.0,5648.6385,49543.12302731
351,2021-04-24 05:00:00+00:00,50470.0,51028.0,48702.0,49572.0,5545.7632,49786.3023891824
352,2021-04-25 05:00:00+00:00,49666.0,52729.0,47005.0,52289.0,3747.2469,49874.6794084212
353,2021-04-26 05:00:00+00:00,52395.0,54416.0,52112.0,53536.0,1712.7882,53400.0777054629
354,2021-04-27 05:00:00+00:00,53516.0,55812.0,53516.0,54904.0,1159.3473,54976.9778437402
355,2021-04-28 05:00:00+00:00,54848.0,56471.0,53567.0,53634.0,1274.5529,54671.7335034897
356,2021-04-29 05:00:00+00:00,53744.0,54764.0,52332.0,54100.0,1137.6277,53679.4295870257
357,2021-04-30 05:00:00+00:00,54237.0,58545.0,54001.0,58142.0,986.0998,56180.3707590246
358,2021-05-01 05:00:00+00:00,58017.0,58449.0,56253.0,56962.0,451.6898,57561.2574286601
359,2021-05-02 05:00:00+00:00,56918.0,58325.0,56106.0,57841.0,565.4137,56996.3446630317
360,2021-05-03 05:00:00+00:00,57825.0,59010.0,54540.0,55892.0,732.3532,57259.1479339477
361,2021-05-04 05:00:00+00:00,55912.0,56648.0,52953.0,54491.0,1054.8042,54829.8211701281
362,2021-05-05 05:00:00+00:00,54628.0,57994.0,54000.0,56963.0,1161.7042,56310.475659983
363,2021-05-06 05:00:00+00:00,56963.0,58415.0,55265.0,55827.0,854.1416,56777.4295187121
364,2021-05-07 05:00:00+00:00,55814.0,58681.0,55572.0,58112.0,867.2227,57193.1106960185
365,2021-05-08 05:00:00+00:00,58107.0,59555.0,57533.0,58204.0,838.2929,58713.1608935254
366,2021-05-09 05:00:00+00:00,58020.0,59627.0,56236.0,59231.0,675.1338,57885.2053715871
367,2021-05-10 05:00:00+00:00,59264.0,59451.0,53653.0,55331.0,903.7305,56472.0038946345
368,2021-05-11 05:00:00+00:00,55460.0,58041.0,54627.0,57391.0,659.0483,56201.9543939344
369,2021-05-12 05:00:00+00:00,57423.0,57542.0,45194.0,50559.0,1133.0373,52951.0669039757
370,2021-05-13 05:00:00+00:00,50638.0,51376.0,47027.0,49234.0,558.9518,49462.7920432495
371,2021-05-14 05:00:00+00:00,49258.0,51531.0,48930.0,49368.0,604.4708,50253.169870902
372,2021-05-15 05:00:00+00:00,49364.0,49746.0,46496.0,48139.0,1388.2671,48196.2527381799
373,2021-05-16 05:00:00+00:00,48237.0,49791.0,42148.0,43564.0,1627.776,46008.1920414725
374,2021-05-17 05:00:00+00:00,43558.0,45835.0,42162.0,45396.0,1397.3036,44239.5071406815
375,2021-05-18 05:00:00+00:00,45404.0,45825.0,38569.0,39231.0,1614.1009,42645.965278193
376,2021-05-19 05:00:00+00:00,39290.0,41076.0,29325.0,39638.0,5004.0103,38048.7521139595
377,2021-05-20 05:00:00+00:00,39509.0,43405.0,38014.0,39971.0,1190.01,40660.1181494273
378,2021-05-21 05:00:00+00:00,40273.0,41776.0,33528.0,36041.0,1751.8604,37438.1590551393
379,2021-05-22 05:00:00+00:00,36462.0,38793.0,35300.0,37213.0,765.7617,37475.8638547736
380,2021-05-23 05:00:00+00:00,37222.0,37330.0,31134.0,34945.0,1777.4988,34458.5517208788
381,2021-05-24 05:00:00+00:00,35295.0,39950.0,34890.0,38512.0,1365.3637,37578.0782751878
382,2021-05-25 05:00:00+00:00,38126.0,39684.0,36475.0,39409.0,470.1611,37948.801994678
383,2021-05-26 05:00:00+00:00,39368.0,40887.0,37193.0,37691.0,1189.8242,39014.4130438766
384,2021-05-27 05:00:00+00:00,37636.0,40443.0,37296.0,37376.0,486.2002,38949.9340911419
385,2021-05-28 05:00:00+00:00,37480.0,37501.0,34732.0,35733.0,1588.2112,36084.0747058704
386,2021-05-29 05:00:00+00:00,35899.0,37333.0,33405.0,34699.0,935.407,34849.3820060145
387,2021-05-30 05:00:00+00:00,35098.0,36508.0,34209.0,34423.0,628.047,35524.6624039284
388,2021-05-31 05:00:00+00:00,34297.0,37900.0,34297.0,36820.0,592.1811,36654.7556386045
389,2021-06-01 05:00:00+00:00,36740.0,37444.0,35536.0,36702.0,854.1,36368.7532559419
390,2021-06-02 05:00:00+00:00,36690.0,38217.0,36622.0,37950.0,304.0149,37505.4788192947
391,2021-06-03 05:00:00+00:00,38032.0,39478.0,37387.0,37621.0,250.1933,38496.5115033056
392,2021-06-04 05:00:00+00:00,37500.0,37844.0,35600.0,37661.0,363.5592,36725.7960054374
393,2021-06-05 05:00:00+00:00,37690.0,37924.0,34761.0,35995.0,402.9814,36121.0886830013
394,2021-06-06 05:00:00+00:00,36117.0,36848.0,35229.0,36302.0,173.2698,36049.3188132035
395,2021-06-07 05:00:00+00:00,36276.0,36720.0,32404.0,32924.0,384.5998,34307.1598942589
396,2021-06-08 05:00:00+00:00,32822.0,33845.0,31021.0,32951.0,357.7132,32750.8856933432
397,2021-06-09 05:00:00+00:00,33163.0,37669.0,33163.0,36814.0,1146.9071,35858.2850043391
398,2021-06-10 05:00:00+00:00,36803.0,38499.0,35812.0,37026.0,1116.069,36768.1358830861
399,2021-06-11 05:00:00+00:00,37095.0,37676.0,35130.0,35138.0,383.246,36688.1008902898
400,2021-06-12 05:00:00+00:00,35308.0,36237.0,34627.0,35220.0,331.3393,35526.1094388743
401,2021-06-13 05:00:00+00:00,35160.0,39816.0,34866.0,39280.0,754.0447,37714.6680814811
402,2021-06-14 05:00:00+00:00,39280.0,41008.0,38913.0,40545.0,643.9275,40064.9590918232
403,2021-06-15 05:00:00+00:00,40545.0,41320.0,39555.0,40283.0,365.2931,40155.6901203445
404,2021-06-16 05:00:00+00:00,40288.0,40500.0,38130.0,38800.0,784.3274,39078.919182729
405,2021-06-17 05:00:00+00:00,38847.0,39504.0,37250.0,37972.0,893.9216,38154.236888
406,2021-06-18 05:00:00+00:00,37900.0,38092.0,34766.0,35211.0,1872.4932,35937.0292616283
407,2021-06-19 05:00:00+00:00,35264.0,36414.0,35145.0,35868.0,815.2965,35766.993013094
408,2021-06-20 05:00:00+00:00,35867.0,36121.0,33342.0,34155.0,1061.209,34792.748111258
409,2021-06-21 05:00:00+00:00,34303.0,34533.0,31112.0,32909.0,1930.136,32638.5708803421
410,2021-06-22 05:00:00+00:00,32919.0,34511.0,28829.0,33815.0,3969.0683,32721.1007769506
411,2021-06-23 05:00:00+00:00,33818.0,34820.0,32321.0,32512.0,2388.0133,33439.2447791225
412,2021-06-24 05:00:00+00:00,32530.0,35453.0,32496.0,34758.0,2598.9295,34382.7269605043
413,2021-06-25 05:00:00+00:00,34859.0,34865.0,31279.0,32412.0,1818.3044,32678.1076130047
414,2021-06-26 05:00:00+00:00,32374.0,33333.0,30148.0,33180.0,1289.4359,31660.8875591257
415,2021-06-27 05:00:00+00:00,33153.0,34982.0,32363.0,34373.0,1224.4749,33488.8391403531
416,2021-06-28 05:00:00+00:00,34401.0,35283.0,33874.0,34865.0,993.7896,34563.1536468081
417,2021-06-29 05:00:00+00:00,34844.0,36633.0,34590.0,34797.0,759.7712,35875.379626656
418,2021-06-30 05:00:00+00:00,34743.0,35300.0,34067.0,34303.0,594.2743,34820.3173945096
419,2021-07-01 05:00:00+00:00,34302.0,34486.0,32724.0,33103.0,631.6281,33356.4564147795
420,2021-07-02 05:00:00+00:00,33215.0,33896.0,32718.0,33615.0,924.2714,33434.7359299444
421,2021-07-03 05:00:00+00:00,33621.0,34956.0,33621.0,34790.0,314.7369,34549.7607417497
422,2021-07-04 05:00:00+00:00,34775.0,35979.0,34050.0,34192.0,396.879,35031.8130480575
423,2021-07-05 05:00:00+00:00,34209.0,34777.0,33154.0,34729.0,395.7963,33897.1757873937
424,2021-07-06 05:00:00+00:00,34677.0,35095.0,33555.0,34725.0,1138.3055,34066.1153465392
425,2021-07-07 05:00:00+00:00,34725.0,35076.0,33083.0,33337.0,513.5026,34198.7204504904
426,2021-07-08 05:00:00+00:00,33351.0,33479.0,32110.0,33019.0,752.4023,32770.4781641417
427,2021-07-09 05:00:00+00:00,33141.0,34264.0,32639.0,33667.0,303.267,33446.5067745584
428,2021-07-10 05:00:00+00:00,33582.0,34164.0,33050.0,33515.0,665.1364,33522.6073031035
429,2021-07-11 05:00:00+00:00,33483.0,34634.0,33364.0,34306.0,356.5402,33970.9771375009
430,2021-07-12 05:00:00+00:00,34285.0,34490.0,32696.0,33153.0,269.9424,33265.4918949376
431,2021-07-13 05:00:00+00:00,33025.0,33326.0,31666.0,31924.0,655.6749,32501.5506742747
432,2021-07-14 05:00:00+00:00,31925.0,33172.0,31600.0,32594.0,423.343,32461.4432427134
433,2021-07-15 05:00:00+00:00,32603.0,32643.0,31144.0,31932.0,525.4695,31842.4741302778
434,2021-07-16 05:00:00+00:00,31913.0,32221.0,31050.0,31422.0,400.6873,31850.1447587682
435,2021-07-17 05:00:00+00:00,31425.0,32430.0,31271.0,32113.0,157.0857,31801.6757865293
436,2021-07-18 05:00:00+00:00,32139.0,32167.0,31121.0,31730.0,315.486,31586.5165836202
437,2021-07-19 05:00:00+00:00,31760.0,31890.0,29533.0,29657.0,418.3141,30768.2727923826
438,2021-07-20 05:00:00+00:00,29698.0,30813.0,29300.0,30714.0,372.0017,29812.8903168991
439,2021-07-21 05:00:00+00:00,30673.0,32855.0,30606.0,32017.0,566.7185,31922.3937986849
440,2021-07-22 05:00:00+00:00,32076.0,32775.0,31731.0,32671.0,223.9409,32377.4789017995
441,2021-07-23 05:00:00+00:00,32713.0,33834.0,32005.0,33727.0,343.4241,32717.6910455615
442,2021-07-24 05:00:00+00:00,33679.0,34500.0,33545.0,34390.0,259.4516,34039.9070269754
443,2021-07-25 05:00:00+00:00,34420.0,40984.0,33892.0,38335.0,765.223,36430.0900621126
444,2021-07-26 05:00:00+00:00,38315.0,40562.0,36422.0,36953.0,1758.752,38306.0678565255
445,2021-07-27 05:00:00+00:00,37024.0,40340.0,36921.0,39776.0,912.1506,38516.8519047184
446,2021-07-28 05:00:00+00:00,39874.0,40908.0,38793.0,39993.0,752.8953,39901.5311225877
447,2021-07-29 05:00:00+00:00,39960.0,40650.0,39382.0,39828.0,593.9169,39924.0518641581
448,2021-07-30 05:00:00+00:00,39827.0,42434.0,38373.0,41833.0,1234.5027,40436.1472483616
449,2021-07-31 05:00:00+00:00,41872.0,42595.0,41063.0,42131.0,497.2735,41573.8022814407
450,2021-08-01 05:00:00+00:00,42117.0,42156.0,39265.0,39704.0,674.7397,40530.5543112403
451,2021-08-02 05:00:00+00:00,39759.0,40444.0,38238.0,38393.0,651.4107,39258.0317334364
452,2021-08-03 05:00:00+00:00,38232.0,38768.0,37620.0,38040.0,688.1104,38269.2607770497
453,2021-08-04 05:00:00+00:00,37960.0,39950.0,37482.0,39355.0,536.8979,38927.2048313096
454,2021-08-05 05:00:00+00:00,39317.0,41391.0,37307.0,40023.0,879.9907,39985.914422732
455,2021-08-06 05:00:00+00:00,40143.0,43951.0,40143.0,43350.0,800.3619,41984.4915947398
456,2021-08-07 05:00:00+00:00,43403.0,44817.0,42465.0,44373.0,533.5387,43705.5025358048
457,2021-08-08 05:00:00+00:00,44323.0,45355.0,42822.0,43595.0,602.3598,44190.4974960148
458,2021-08-09 05:00:00+00:00,43635.0,46723.0,43288.0,45502.0,767.1363,45705.8591075667
459,2021-08-10 05:00:00+00:00,45440.0,46168.0,44653.0,45779.0,613.4516,45483.8573548427
460,2021-08-11 05:00:00+00:00,45725.0,46758.0,45387.0,45573.0,605.293,46103.1167561825
461,2021-08-12 05:00:00+00:00,45635.0,45635.0,43800.0,45275.0,1131.3891,44644.8785721022
462,2021-08-13 05:00:00+00:00,45269.0,47858.0,45196.0,47504.0,569.7842,46849.6107182333
463,2021-08-14 05:00:00+00:00,47529.0,48202.0,46024.0,46718.0,354.1905,46774.2700953301
464,2021-08-15 05:00:00+00:00,46857.0,48040.0,45544.0,47553.0,294.936,46756.9454081563
465,2021-08-16 05:00:00+00:00,47446.0,47727.0,45300.0,46398.0,1434.9419,46100.8599028295
466,2021-08-17 05:00:00+00:00,46425.0,47152.0,44242.0,45023.0,1414.2112,45753.3577683446
467,2021-08-18 05:00:00+00:00,45128.0,46001.0,43924.0,44145.0,514.1978,45098.8596837637
468,2021-08-19 05:00:00+00:00,44293.0,47400.0,44159.0,47090.0,1046.5966,46386.6890467636
469,2021-08-20 05:00:00+00:00,46985.0,49419.0,46762.0,48659.0,431.3572,48285.8284043943
470,2021-08-21 05:00:00+00:00,48648.0,49811.0,48300.0,49103.0,285.3877,49086.2368907279
471,2021-08-22 05:00:00+00:00,49240.0,50413.0,48111.0,50355.0,638.3565,48940.3393938967
472,2021-08-23 05:00:00+00:00,50380.0,50537.0,48800.0,49489.0,697.5004,49622.6325124688
473,2021-08-24 05:00:00+00:00,49511.0,49858.0,47628.0,47989.0,445.7212,48424.3385252934
474,2021-08-25 05:00:00+00:00,48038.0,49363.0,47150.0,47880.0,964.178,48518.0817663336
475,2021-08-26 05:00:00+00:00,47964.0,48039.0,46310.0,46886.0,1050.6846,46965.9800039898
476,2021-08-27 05:00:00+00:00,46992.0,49332.0,46909.0,48983.0,631.1446,48191.7011371087
477,2021-08-28 05:00:00+00:00,48983.0,49671.0,47781.0,48176.0,848.023,48853.562466584
478,2021-08-29 05:00:00+00:00,48173.0,49408.0,47763.0,47910.0,567.2617,48582.0630581969
479,2021-08-30 05:00:00+00:00,47861.0,48731.0,46700.0,47094.0,987.1971,47700.4084369778
480,2021-08-31 05:00:00+00:00,47061.0,48250.0,46544.0,47167.0,691.8208,47436.7758097184
481,2021-09-01 05:00:00+00:00,47128.0,49910.0,47124.0,49420.0,970.77,48282.504172152
482,2021-09-02 05:00:00+00:00,49400.0,50368.0,48360.0,49722.0,631.2925,49598.9034162452
483,2021-09-03 05:00:00+00:00,49722.0,51066.0,49226.0,50390.0,787.4506,50248.1004360147
484,2021-09-04 05:00:00+00:00,50334.0,50545.0,49362.0,49794.0,403.3231,49941.774418822
485,2021-09-05 05:00:00+00:00,49845.0,51957.0,49496.0,51698.0,586.2748,50864.6578520857
486,2021-09-06 05:00:00+00:00,51693.0,52948.0,51039.0,52504.0,630.0693,51969.6092455227
487,2021-09-07 05:00:00+00:00,52543.0,52741.0,38436.0,46415.0,2241.8807,47705.7660993736
488,2021-09-08 05:00:00+00:00,46441.0,46786.0,44407.0,46170.0,1893.9493,45919.2245129793
489,2021-09-09 05:00:00+00:00,46127.0,47389.0,45620.0,46578.0,2625.3637,46576.5945049823
490,2021-09-10 05:00:00+00:00,46566.0,46715.0,44085.0,45306.0,1338.4445,45487.4234480399
491,2021-09-11 05:00:00+00:00,45308.0,45969.0,44757.0,45473.0,482.419,45423.9214147867
492,2021-09-12 05:00:00+00:00,45308.0,46468.0,44500.0,44727.0,761.0292,45503.0378547893
493,2021-09-13 05:00:00+00:00,44578.0,46896.0,43382.0,45088.0,1091.7156,44653.9801883384
494,2021-09-14 05:00:00+00:00,45086.0,47487.0,45086.0,46879.0,1290.7128,46762.4911372228
495,2021-09-15 05:00:00+00:00,46858.0,48507.0,46701.0,48309.0,1477.7952,47811.6680039291
496,2021-09-16 05:00:00+00:00,48279.0,48484.0,47050.0,48145.0,1529.6697,47765.7142645239
497,2021-09-17 05:00:00+00:00,48125.0,48354.0,46712.0,48347.0,1431.3839,47379.3638241285
498,2021-09-18 05:00:00+00:00,48378.0,48817.0,47610.0,47847.0,728.9118,48303.3255467946
499,2021-09-19 05:00:00+00:00,47794.0,48319.0,45153.0,45643.0,1401.6589,46935.9200162037
500,2021-09-20 05:00:00+00:00,45660.0,45845.0,40122.0,42452.0,3611.2156,43397.2182214488
501,2021-09-21 05:00:00+00:00,42446.0,43633.0,39544.0,41900.0,2265.5823,41947.5448721505
502,2021-09-22 05:00:00+00:00,42073.0,44295.0,41851.0,44054.0,1478.0733,43119.5653403657
503,2021-09-23 05:00:00+00:00,44056.0,45000.0,43395.0,44287.0,1451.996,44336.2721025402
504,2021-09-24 05:00:00+00:00,44249.0,45161.0,40685.0,42710.0,1413.9345,42939.1442391426
505,2021-09-25 05:00:00+00:00,42791.0,42986.0,41677.0,42242.0,1314.7404,42433.0878228128
506,2021-09-26 05:00:00+00:00,42245.0,44375.0,40795.0,44046.0,1812.9223,43121.5614888184
507,2021-09-27 05:00:00+00:00,44069.0,44240.0,41970.0,42674.0,1606.0503,43150.2025328846
508,2021-09-28 05:00:00+00:00,42664.0,42715.0,40753.0,42171.0,2407.7546,41757.5903186728
509,2021-09-29 05:00:00+00:00,42252.0,43833.0,40910.0,43515.0,1695.674,42171.706781964
510,2021-09-30 05:00:00+00:00,43598.0,44147.0,42719.0,43469.0,1251.978,43449.5709014855
511,2021-10-01 05:00:00+00:00,43640.0,48497.0,43573.0,47591.0,1875.9424,46913.3312877837
512,2021-10-02 05:00:00+00:00,47580.0,48359.0,47050.0,47941.0,853.4206,47898.7868659369
513,2021-10-03 05:00:00+00:00,47915.0,49232.0,47274.0,47817.0,914.291,48245.5606658055
514,2021-10-04 05:00:00+00:00,47850.0,49775.0,46927.0,49151.0,961.6205,48798.2656892194
515,2021-10-05 05:00:00+00:00,49290.0,51900.0,49253.0,51341.0,1409.4287,50728.9269197512
516,2021-10-06 05:00:00+00:00,51341.0,55747.0,50418.0,55060.0,2948.5048,54116.5027773738
517,2021-10-07 05:00:00+00:00,55048.0,55048.0,53415.0,53908.0,1746.5562,54162.004102645
518,2021-10-08 05:00:00+00:00,53882.0,56119.0,53652.0,54654.0,1935.0601,54715.5786257491
519,2021-10-09 05:00:00+00:00,54738.0,56005.0,54111.0,55871.0,1146.9414,54956.0738732598
520,2021-10-10 05:00:00+00:00,55909.0,56778.0,54382.0,56473.0,1644.9318,55553.02668293
521,2021-10-11 05:00:00+00:00,56530.0,57831.0,55910.0,56956.0,1958.1414,56996.4830591907
522,2021-10-12 05:00:00+00:00,57060.0,57643.0,53888.0,56078.0,3392.383,56214.6285574771
523,2021-10-13 05:00:00+00:00,56077.0,58534.0,54275.0,57920.0,2777.0333,56472.1360433092
524,2021-10-14 05:00:00+00:00,58064.0,59733.0,56848.0,59558.0,1219.7035,58015.0830147655
525,2021-10-15 05:00:00+00:00,59665.0,62961.0,58736.0,61743.0,2454.6212,61027.7831201816
526,2021-10-16 05:00:00+00:00,61731.0,62346.0,60160.0,60939.0,754.0137,61078.2266851385
527,2021-10-17 05:00:00+00:00,60930.0,62570.0,58966.0,62366.0,1661.2864,60926.5328304018
528,2021-10-18 05:00:00+00:00,62366.0,63040.0,59905.0,62442.0,1491.5029,61680.0889935246
529,2021-10-19 05:00:00+00:00,62482.0,64490.0,61395.0,64049.0,1486.9846,63084.0399359213
530,2021-10-20 05:00:00+00:00,63977.0,67033.0,63500.0,65100.0,1857.3179,65384.021477368
531,2021-10-21 05:00:00+00:00,65039.0,66655.0,51410.0,63056.0,2160.124,62954.4391774731
532,2021-10-22 05:00:00+00:00,63116.0,63731.0,60000.0,61209.0,1904.5622,61426.4706064207
533,2021-10-23 05:00:00+00:00,61151.0,61736.0,59663.0,60948.0,788.8043,60990.2890828562
534,2021-10-24 05:00:00+00:00,61026.0,62203.0,59516.0,61995.0,1162.8621,60734.078836089
535,2021-10-25 05:00:00+00:00,62020.0,63732.0,61820.0,62455.0,882.8394,63045.7480021848
536,2021-10-26 05:00:00+00:00,62557.0,63098.0,59859.0,61152.0,1098.5414,61419.2382678523
537,2021-10-27 05:00:00+00:00,61210.0,61511.0,58022.0,58807.0,1042.0592,58861.0974684548
538,2021-10-28 05:00:00+00:00,58838.0,62472.0,57852.0,61615.0,2244.757,60529.3353997337
539,2021-10-29 05:00:00+00:00,61591.0,62947.0,60383.0,61498.0,1382.2554,61615.9796046375
540,2021-10-30 05:00:00+00:00,61463.0,62419.0,60747.0,61462.0,699.9944,61504.3637230526
541,2021-10-31 05:00:00+00:00,61423.0,61770.0,59471.0,60620.0,1143.1945,60601.7773362276
542,2021-11-01 05:00:00+00:00,60587.0,62483.0,60333.0,61474.0,967.8606,61385.1919148274
543,2021-11-02 05:00:00+00:00,61442.0,64308.0,61341.0,62801.0,1040.7309,63140.2546240339
544,2021-11-03 05:00:00+00:00,62862.0,63534.0,60050.0,62717.0,1414.4225,62121.4054675318
545,2021-11-04 05:00:00+00:00,62759.0,62763.0,60730.0,62154.0,756.0762,61564.8690370098
546,2021-11-05 05:00:00+00:00,62119.0,62634.0,60777.0,61241.0,626.4683,61373.168184727
547,2021-11-06 05:00:00+00:00,61286.0,62344.0,60121.0,62217.0,626.6845,61129.0125321434
548,2021-11-07 05:00:00+00:00,62157.0,65663.0,61536.0,65505.0,966.5637,63820.6898667931
549,2021-11-08 06:00:00+00:00,65458.0,68552.0,65224.0,68120.0,937.7833,66664.2925799596
550,2021-11-09 06:00:00+00:00,68192.0,68259.0,66254.0,66389.0,1614.2251,67207.6376484915
551,2021-11-10 06:00:00+00:00,66359.0,69045.0,62774.0,64695.0,2670.4591,66001.4079867016
552,2021-11-11 06:00:00+00:00,64700.0,65597.0,64110.0,64707.0,555.0373,64941.4645669759
553,2021-11-12 06:00:00+00:00,64655.0,64958.0,62269.0,63650.0,1717.0496,63663.1373185143
554,2021-11-13 06:00:00+00:00,63595.0,65310.0,63382.0,64875.0,759.2264,64302.8658011629
555,2021-11-14 06:00:00+00:00,64950.0,66198.0,63604.0,65713.0,964.4543,64956.7068707144
556,2021-11-15 06:00:00+00:00,65727.0,66343.0,60396.0,60988.0,2102.57,62813.8901320765
557,2021-11-16 06:00:00+00:00,60976.0,61404.0,58577.0,59633.0,2389.0131,59936.6273564595
558,2021-11-17 06:00:00+00:00,59577.0,60966.0,58422.0,59806.0,1263.7463,60015.996004103
559,2021-11-18 06:00:00+00:00,59820.0,60053.0,55611.0,56424.0,2014.025,57903.838442919
560,2021-11-19 06:00:00+00:00,56431.0,59019.0,55892.0,58418.0,1162.1963,57808.9275215383
561,2021-11-20 06:00:00+00:00,58470.0,59887.0,57400.0,59045.0,834.8717,58847.9397436756
562,2021-11-21 06:00:00+00:00,59050.0,60054.0,56848.0,57490.0,1324.6655,58825.732230967
563,2021-11-22 06:00:00+00:00,57499.0,59493.0,55652.0,56559.0,1440.2706,57171.1110648929
564,2021-11-23 06:00:00+00:00,56562.0,57927.0,55224.0,56557.0,1390.3961,56845.661893974
565,2021-11-24 06:00:00+00:00,56618.0,58274.0,55902.0,57159.0,1345.7755,57055.8064178609
566,2021-11-25 06:00:00+00:00,57108.0,59421.0,57108.0,57880.0,885.0442,58487.84493588
567,2021-11-26 06:00:00+00:00,57865.0,57938.0,53514.0,54300.0,1895.5163,54657.3186588794
568,2021-11-27 06:00:00+00:00,54279.0,55304.0,53735.0,54419.0,858.4774,54582.7027104033
569,2021-11-28 06:00:00+00:00,54389.0,58287.0,53241.0,57381.0,1781.9693,56117.1546622605
570,2021-11-29 06:00:00+00:00,57401.0,58927.0,56334.0,56334.0,1080.8423,57494.0066766447
571,2021-11-30 06:00:00+00:00,56342.0,59240.0,55834.0,56836.0,2139.5068,57163.7983751208
572,2021-12-01 06:00:00+00:00,56846.0,59093.0,55706.0,56927.0,1545.7929,57063.1330378086
573,2021-12-02 06:00:00+00:00,56946.0,57476.0,56068.0,56745.0,1031.9486,56657.2122700685
574,2021-12-03 06:00:00+00:00,56780.0,57674.0,40301.0,47880.0,4773.8293,52557.829083541
575,2021-12-04 06:00:00+00:00,47863.0,49726.0,46243.0,49475.0,1285.6344,48277.1643643792
576,2021-12-05 06:00:00+00:00,49498.0,49772.0,47811.0,48737.0,1043.8603,48868.0323134235
577,2021-12-06 06:00:00+00:00,48744.0,51483.0,47200.0,50961.0,1225.5623,49072.8983456818
578,2021-12-07 06:00:00+00:00,50971.0,51975.0,50055.0,50472.0,1058.1277,50913.1991402361
579,2021-12-08 06:00:00+00:00,50471.0,51231.0,48625.0,49780.0,830.3614,49943.6361050742
580,2021-12-09 06:00:00+00:00,49785.0,50342.0,47350.0,48304.0,1103.1025,48344.2193196915
581,2021-12-10 06:00:00+00:00,48313.0,50136.0,46739.0,48270.0,1325.3149,48146.7998194995
582,2021-12-11 06:00:00+00:00,48350.0,49696.0,47806.0,48971.0,696.5398,48889.8427178174
583,2021-12-12 06:00:00+00:00,49038.0,50799.0,48472.0,49251.0,964.0124,49630.404951845
584,2021-12-13 06:00:00+00:00,49268.0,49272.0,45718.0,46711.0,2020.3291,47177.9957993477
585,2021-12-14 06:00:00+00:00,46731.0,48750.0,46338.0,48126.0,1112.1696,47508.1048866108
586,2021-12-15 06:00:00+00:00,48155.0,49506.0,46542.0,48585.0,1387.0255,48268.1802397288
587,2021-12-16 06:00:00+00:00,48559.0,49448.0,47411.0,47645.0,963.993,48147.061153971
588,2021-12-17 06:00:00+00:00,47709.0,47734.0,45375.0,46627.0,1660.64,46526.0716888067
589,2021-12-18 06:00:00+00:00,46633.0,48083.0,46270.0,47592.0,866.6166,47083.1866533597
590,2021-12-19 06:00:00+00:00,47627.0,48338.0,46250.0,46436.0,860.1408,46990.5751995487
591,2021-12-20 06:00:00+00:00,46408.0,48816.0,45581.0,48640.0,1073.244,47002.1029089378
592,2021-12-21 06:00:00+00:00,48649.0,49575.0,48325.0,48981.0,1202.1399,48925.1611413946
593,2021-12-22 06:00:00+00:00,48996.0,49540.0,48059.0,48373.0,760.5868,48756.2907877181
594,2021-12-23 06:00:00+00:00,48352.0,51517.0,48075.0,51000.0,763.672,50263.1800380268
595,2021-12-24 06:00:00+00:00,50957.0,51849.0,50451.0,50983.0,415.5706,51119.3400596674
596,2021-12-25 06:00:00+00:00,50848.0,51200.0,49658.0,49868.0,600.6694,50432.0362612112
597,2021-12-26 06:00:00+00:00,49869.0,51291.0,49421.0,50895.0,453.895,50568.5370581302
598,2021-12-27 06:00:00+00:00,50889.0,52069.0,48628.0,49226.0,1345.6097,50567.8841330439
599,2021-12-28 06:00:00+00:00,49201.0,49454.0,47320.0,47901.0,1417.8398,48215.0102593396
600,2021-12-29 06:00:00+00:00,47899.0,48091.0,45947.0,46749.0,1521.4024,46987.1786862568
601,2021-12-30 06:00:00+00:00,46761.0,47906.0,46720.0,47315.0,695.8336,47293.0173179335
602,2021-12-31 06:00:00+00:00,47277.0,48569.0,45663.0,47185.0,1654.9809,46887.2058288407
603,2022-01-01 06:00:00+00:00,47218.0,47933.0,46733.0,47033.0,654.7013,47287.2319329441
604,2022-01-02 06:00:00+00:00,47087.0,47985.0,46684.0,47086.0,782.829,47211.6287913452
605,2022-01-03 06:00:00+00:00,47107.0,47555.0,45709.0,46139.0,956.3265,46519.4930254469
606,2022-01-04 06:00:00+00:00,46191.0,47522.0,45552.0,46310.0,821.2758,46416.9272601238
607,2022-01-05 06:00:00+00:00,46310.0,47053.0,42500.0,43026.0,2212.1333,44489.2828631982
608,2022-01-06 06:00:00+00:00,43038.0,43577.0,40988.0,41826.0,1401.5859,42647.6544604936
609,2022-01-07 06:00:00+00:00,41812.0,42804.0,40600.0,41957.0,1765.3264,41663.6848178331
610,2022-01-08 06:00:00+00:00,41940.0,42299.0,40511.0,41747.0,1439.6634,41486.8406146881
611,2022-01-09 06:00:00+00:00,41769.0,42782.0,41235.0,42028.0,983.163,41929.372953315
612,2022-01-10 06:00:00+00:00,42018.0,42378.0,39661.0,42108.0,1765.698,41157.5965102186
613,2022-01-11 06:00:00+00:00,42122.0,43119.0,41274.0,42711.0,1328.057,42299.794140387
614,2022-01-12 06:00:00+00:00,42743.0,44323.0,42491.0,43700.0,1105.7032,43573.4077185451
615,2022-01-13 06:00:00+00:00,43694.0,44467.0,42330.0,42868.0,1163.295,43220.9552588982
616,2022-01-14 06:00:00+00:00,42925.0,43467.0,41777.0,43028.0,874.5946,42790.2401617847
617,2022-01-15 06:00:00+00:00,42969.0,43794.0,42600.0,43107.0,594.4769,43191.4309602274
618,2022-01-16 06:00:00+00:00,43135.0,43491.0,42356.0,42709.0,760.0417,42987.8990325136
619,2022-01-17 06:00:00+00:00,42691.0,42958.0,41588.0,42165.0,694.1924,42207.5458754662
620,2022-01-18 06:00:00+00:00,42129.0,42677.0,41300.0,41750.0,1133.8734,41855.9191538491
621,2022-01-19 06:00:00+00:00,41776.0,42569.0,41150.0,41897.0,1130.0385,41881.2350573896
622,2022-01-20 06:00:00+00:00,41895.0,43506.0,38242.0,38900.0,3861.7144,40990.3682067995
623,2022-01-21 06:00:00+00:00,38930.0,39276.0,35454.0,35752.0,4748.364,37478.3699684144
624,2022-01-22 06:00:00+00:00,35731.0,36166.0,34017.0,35495.0,3061.878,35071.7449336649
625,2022-01-23 06:00:00+00:00,35501.0,36524.0,34617.0,35238.0,2294.3579,35330.7962670514
626,2022-01-24 06:00:00+00:00,35200.0,37522.0,32856.0,36079.0,4567.9058,34960.8633329085
627,2022-01-25 06:00:00+00:00,36080.0,38003.0,35698.0,37700.0,1830.3028,36856.9194917366
628,2022-01-26 06:00:00+00:00,37629.0,38943.0,35533.0,36020.0,3155.156,37323.6785553551
629,2022-01-27 06:00:00+00:00,35986.0,37512.0,35544.0,37209.0,2915.2714,36645.5334947203
630,2022-01-28 06:00:00+00:00,37260.0,38017.0,36191.0,37649.0,1973.1595,37236.6934383662
631,2022-01-29 06:00:00+00:00,37671.0,38744.0,37335.0,38141.0,1336.6289,38013.5285838126
632,2022-01-30 06:00:00+00:00,38152.0,38382.0,36651.0,37010.0,1421.0628,37548.5222212558
633,2022-01-31 06:00:00+00:00,37022.0,38750.0,36841.0,38462.0,1739.2957,38118.0466933254
634,2022-02-01 06:00:00+00:00,38461.0,39310.0,38016.0,38418.0,1911.8734,38693.0447073012
635,2022-02-02 06:00:00+00:00,38415.0,38771.0,36553.0,37016.0,1806.0703,37461.7691317442
636,2022-02-03 06:00:00+00:00,37019.0,37720.0,36277.0,37565.0,1373.4414,36821.9251405266
637,2022-02-04 06:00:00+00:00,37573.0,41940.0,37332.0,41533.0,2723.932,39857.0881571199
638,2022-02-05 06:00:00+00:00,41561.0,41921.0,40991.0,41609.0,783.8772,41534.2208228534
639,2022-02-06 06:00:00+00:00,41579.0,43031.0,41135.0,42816.0,1301.8667,42106.1866005944
640,2022-02-07 06:00:00+00:00,42832.0,45039.0,42266.0,44906.0,1999.3455,43803.931495732
641,2022-02-08 06:00:00+00:00,44880.0,45514.0,42709.0,43626.0,2488.4437,43588.0492361551
642,2022-02-09 06:00:00+00:00,43632.0,44891.0,43222.0,43912.0,1510.2707,44212.6169402611
643,2022-02-10 06:00:00+00:00,43890.0,45870.0,42515.0,42894.0,4092.8327,44121.2879231296
644,2022-02-11 06:00:00+00:00,42873.0,43951.0,41982.0,42281.0,2150.3904,42925.6469704757
645,2022-02-12 06:00:00+00:00,42302.0,43059.0,41706.0,42301.0,1649.282,42329.4961112169
646,2022-02-13 06:00:00+00:00,42289.0,42777.0,41570.0,41815.0,634.3183,42169.2640975359
647,2022-02-14 06:00:00+00:00,41817.0,43820.0,41771.0,43606.0,1432.4169,42712.235755596
648,2022-02-15 06:00:00+00:00,43585.0,44821.0,39184.0,44095.0,1699.1127,43934.5957654839
649,2022-02-16 06:00:00+00:00,44097.0,44386.0,43350.0,43634.0,1437.3533,43923.3535068935
650,2022-02-17 06:00:00+00:00,43622.0,44035.0,40090.0,40660.0,2823.4655,41428.7378368179
651,2022-02-18 06:00:00+00:00,40632.0,40967.0,39451.0,40255.0,1986.7424,40122.0836414424
652,2022-02-19 06:00:00+00:00,40266.0,40485.0,39307.0,39380.0,1043.504,39898.1187891949
653,2022-02-20 06:00:00+00:00,39402.0,39509.0,37984.0,39248.0,1567.2318,38612.7038744364
654,2022-02-21 06:00:00+00:00,39241.0,39367.0,36355.0,36738.0,3257.2142,37829.6700087455
655,2022-02-22 06:00:00+00:00,36721.0,38433.0,36533.0,37990.0,2053.9516,37818.8823467895
656,2022-02-23 06:00:00+00:00,37995.0,39273.0,34333.0,34647.0,3007.544,37093.057996026
657,2022-02-24 06:00:00+00:00,34708.0,39810.0,34421.0,38379.0,3016.6226,37313.5895710985
658,2022-02-25 06:00:00+00:00,38453.0,40323.0,38001.0,39006.0,2043.9911,39216.5903010047
659,2022-02-26 06:00:00+00:00,39019.0,39680.0,38220.0,38630.0,711.6145,38874.8474692407
660,2022-02-27 06:00:00+00:00,38594.0,39867.0,37011.0,37816.0,1473.2908,38443.0964860434
661,2022-02-28 06:00:00+00:00,37866.0,44340.0,37494.0,43241.0,2812.6175,40872.9037888017
662,2022-03-01 06:00:00+00:00,43200.0,44962.0,42876.0,44286.0,2200.3859,44056.1970438458
663,2022-03-02 06:00:00+00:00,44283.0,45343.0,43232.0,43401.0,1870.1041,44009.3962960672
664,2022-03-03 06:00:00+00:00,43333.0,44080.0,41096.0,41379.0,2073.0221,42608.0644562352
665,2022-03-04 06:00:00+00:00,41396.0,41900.0,38527.0,39000.0,2900.6809,40145.3151250453
666,2022-03-05 06:00:00+00:00,39007.0,39744.0,38800.0,39530.0,1285.3717,39314.8670486522
667,2022-03-06 06:00:00+00:00,39530.0,39597.0,37587.0,38080.0,1160.77,38561.0599296157
668,2022-03-07 06:00:00+00:00,38030.0,39576.0,37166.0,38345.0,1789.9725,38227.8435203334
669,2022-03-08 06:00:00+00:00,38354.0,41877.0,38016.0,41536.0,2673.8941,39261.3905628873
670,2022-03-09 06:00:00+00:00,41537.0,42603.0,38875.0,39200.0,2384.9046,41315.5678154589
671,2022-03-10 06:00:00+00:00,39170.0,40290.0,38248.0,38786.0,3366.0841,39061.0262870437
672,2022-03-11 06:00:00+00:00,38778.0,40287.0,38316.0,39175.0,1564.512,39162.9945026948
673,2022-03-12 06:00:00+00:00,39180.0,39477.0,38671.0,39133.0,1770.6391,39072.0012811758
674,2022-03-13 06:00:00+00:00,39119.0,39199.0,37557.0,38532.0,1395.7601,38477.5117491179
675,2022-03-14 05:00:00+00:00,38526.0,39921.0,38412.0,38810.0,2248.8813,38961.1957327405
676,2022-03-15 05:00:00+00:00,38737.0,41717.0,38121.0,39140.0,3514.8944,39811.6746675803
677,2022-03-16 05:00:00+00:00,39140.0,41500.0,38994.0,41374.0,2499.7388,40521.9413987573
678,2022-03-17 05:00:00+00:00,41375.0,41477.0,40257.0,40669.0,1066.4283,40831.5036311396
679,2022-03-18 05:00:00+00:00,40679.0,42351.0,40165.0,41811.0,1194.2474,41223.9110039511
680,2022-03-19 05:00:00+00:00,41839.0,42415.0,41566.0,41856.0,830.436,41917.2163435834
681,2022-03-20 05:00:00+00:00,41863.0,42016.0,40486.0,40917.0,1482.0616,41199.2072817351
682,2022-03-21 05:00:00+00:00,40871.0,43380.0,40772.0,43022.0,1505.6815,41693.2281037524
683,2022-03-22 05:00:00+00:00,43022.0,43221.0,41765.0,41935.0,1236.7941,42507.5208755443
684,2022-03-23 05:00:00+00:00,41902.0,43283.0,41815.0,42925.0,1265.388,42503.8555255779
685,2022-03-24 05:00:00+00:00,42844.0,44398.0,42647.0,44121.0,1360.0041,43647.9940428121
686,2022-03-25 05:00:00+00:00,44121.0,45107.0,43613.0,44451.0,1457.6637,44429.751756458
687,2022-03-26 05:00:00+00:00,44460.0,44995.0,44166.0,44599.0,542.0527,44580.1328546099
688,2022-03-27 05:00:00+00:00,44604.0,47651.0,44450.0,47155.0,1433.2771,46128.5052969171
689,2022-03-28 05:00:00+00:00,47153.0,48220.0,46777.0,47626.0,1462.8981,47560.9122218424
690,2022-03-29 05:00:00+00:00,47611.0,48185.0,46329.0,47258.0,2001.4957,47537.7650337695
691,2022-03-30 05:00:00+00:00,47248.0,47716.0,46847.0,47022.0,846.871,47202.7647660624
692,2022-03-31 05:00:00+00:00,47028.0,47680.0,44180.0,44701.0,2444.3257,45777.9977732918
693,2022-04-01 05:00:00+00:00,44720.0,47197.0,44599.0,46559.0,1507.9133,45919.1605656638
694,2022-04-02 05:00:00+00:00,46524.0,47001.0,45559.0,46351.0,964.3597,46284.3603157618
695,2022-04-03 05:00:00+00:00,46371.0,47444.0,45791.0,46068.0,963.3395,46459.053008415
696,2022-04-04 05:00:00+00:00,46100.0,46888.0,45146.0,46778.0,1741.5799,45957.7914681376
697,2022-04-05 05:00:00+00:00,46800.0,47177.0,44420.0,45366.0,1424.7222,45715.7477990446
698,2022-04-06 05:00:00+00:00,45341.0,45509.0,42731.0,43416.0,1696.4851,43913.8512194419
699,2022-04-07 05:00:00+00:00,43400.0,43894.0,43050.0,43535.0,937.14,43542.6890523294
700,2022-04-08 05:00:00+00:00,43540.0,43969.0,42121.0,42397.0,1427.7966,42952.6648351033
701,2022-04-09 05:00:00+00:00,42434.0,42898.0,42191.0,42752.0,208.1027,42605.0646752781
702,2022-04-10 05:00:00+00:00,42748.0,43435.0,41752.0,42248.0,1048.4087,42580.8208173015
703,2022-04-11 05:00:00+00:00,42263.0,42377.0,39200.0,39936.0,1900.6757,40382.2267537276
704,2022-04-12 05:00:00+00:00,39895.0,40684.0,39271.0,40129.0,1569.194,40074.3672733263
705,2022-04-13 05:00:00+00:00,40143.0,41554.0,39634.0,41306.0,988.2631,40786.0216006244
706,2022-04-14 05:00:00+00:00,41301.0,41369.0,39581.0,40084.0,996.1129,40268.6658428979
707,2022-04-15 05:00:00+00:00,40099.0,40844.0,39947.0,40529.0,696.4234,40362.3135309641
708,2022-04-16 05:00:00+00:00,40532.0,40674.0,40023.0,40286.0,314.8051,40331.2634242584
709,2022-04-17 05:00:00+00:00,40265.0,40589.0,38668.0,38812.0,1001.8896,39858.0549430796
710,2022-04-18 05:00:00+00:00,38794.0,41280.0,38537.0,40864.0,971.5661,40131.4495937024
711,2022-04-19 05:00:00+00:00,40886.0,41785.0,40587.0,41333.0,743.7156,41285.7024706756
712,2022-04-20 05:00:00+00:00,41357.0,42219.0,40908.0,41608.0,975.0979,41484.6425217406
713,2022-04-21 05:00:00+00:00,41582.0,42983.0,39784.0,40628.0,1657.7525,41556.0854233066
714,2022-04-22 05:00:00+00:00,40628.0,40789.0,39187.0,39544.0,1444.518,39659.723468728
715,2022-04-23 05:00:00+00:00,39526.0,39968.0,39350.0,39715.0,685.9515,39686.5732237629
716,2022-04-24 05:00:00+00:00,39716.0,39936.0,38723.0,39200.0,691.1353,39352.9927095317
717,2022-04-25 05:00:00+00:00,39150.0,40776.0,38137.0,40608.0,1350.8409,39601.3573791703
718,2022-04-26 05:00:00+00:00,40574.0,40794.0,37711.0,38412.0,2035.38,38834.2434533601
719,2022-04-27 05:00:00+00:00,38416.0,39738.0,38374.0,39390.0,2473.913,39109.5527659623
720,2022-04-28 05:00:00+00:00,39392.0,40397.0,38885.0,39549.0,2600.1641,39770.0316242733
721,2022-04-29 05:00:00+00:00,39561.0,39620.0,38187.0,38556.0,914.7875,38779.6778780864
722,2022-04-30 05:00:00+00:00,38577.0,38771.0,37401.0,37934.0,623.0748,38100.7246309753
723,2022-05-01 05:00:00+00:00,37948.0,39112.0,37686.0,38961.0,1014.5297,38420.7199485634
724,2022-05-02 05:00:00+00:00,39026.0,39165.0,38051.0,38524.0,1010.7349,38516.5803913568
725,2022-05-03 05:00:00+00:00,38475.0,38640.0,37510.0,37993.0,999.8021,38008.3712296664
726,2022-05-04 05:00:00+00:00,37992.0,40066.0,37975.0,39738.0,1800.0004,39238.4266533496
727,2022-05-05 05:00:00+00:00,39736.0,39810.0,35586.0,36422.0,1975.5068,37071.7473419479
728,2022-05-06 05:00:00+00:00,36415.0,36530.0,35258.0,35705.0,880.9569,35968.5284910079
729,2022-05-07 05:00:00+00:00,35710.0,36124.0,34213.0,34401.0,1009.5069,35134.9644487819
730,2022-05-08 05:00:00+00:00,34396.0,34940.0,33267.0,33644.0,1115.4609,34086.4496183595
731,2022-05-09 05:00:00+00:00,33678.0,33750.0,29743.0,31221.0,2605.2854,31562.373120465
732,2022-05-10 05:00:00+00:00,31222.0,32642.0,30164.0,31216.0,2140.1873,31341.1072305214
733,2022-05-11 05:00:00+00:00,31201.0,32140.0,27000.0,27590.0,4913.4676,29708.6479738871
734,2022-05-12 05:00:00+00:00,27643.0,30702.0,25358.0,30429.0,5093.0144,28790.0336239576
735,2022-05-13 05:00:00+00:00,30390.0,30982.0,29160.0,29309.0,3311.2039,29997.7778424941
736,2022-05-14 05:00:00+00:00,29287.0,30298.0,28574.0,29563.0,2293.9793,29564.3262127954
737,2022-05-15 05:00:00+00:00,29572.0,31396.0,29449.0,30344.0,2963.9687,30314.7305330181
738,2022-05-16 05:00:00+00:00,30322.0,30513.0,29070.0,30352.0,3207.1791,29892.4077595479
739,2022-05-17 05:00:00+00:00,30346.0,30747.0,29409.0,29764.0,3299.8518,30091.1293571123
740,2022-05-18 05:00:00+00:00,29779.0,30049.0,28613.0,29060.0,2110.7299,29250.5784246483
741,2022-05-19 05:00:00+00:00,29076.0,30729.0,28836.0,30048.0,2328.0718,29964.3577290443
742,2022-05-20 05:00:00+00:00,30049.0,30516.0,28674.0,29223.0,1792.4268,29367.8637226357
743,2022-05-21 05:00:00+00:00,29237.0,29625.0,29115.0,29253.0,899.1802,29319.4565384113
744,2022-05-22 05:00:00+00:00,29264.0,30452.0,29264.0,30106.0,780.7297,30069.9224121998
745,2022-05-23 05:00:00+00:00,30097.0,30647.0,28835.0,29324.0,2847.6715,29707.8472138728
746,2022-05-24 05:00:00+00:00,29326.0,30184.0,28634.0,30075.0,2420.4753,29571.0041701314
747,2022-05-25 05:00:00+00:00,30075.0,30110.0,29317.0,29723.0,2220.9409,29677.1995000858
748,2022-05-26 05:00:00+00:00,29745.0,29803.0,28001.0,28872.0,3213.6479,29135.0704755179
749,2022-05-27 05:00:00+00:00,28891.0,29373.0,28244.0,28828.0,3124.1692,28739.4031838288
750,2022-05-28 05:00:00+00:00,28804.0,29235.0,28749.0,28940.0,1662.129,28925.6964703702
751,2022-05-29 05:00:00+00:00,28902.0,30399.0,28902.0,30309.0,3390.2441,29433.140567076
752,2022-05-30 05:00:00+00:00,30310.0,32251.0,30251.0,31649.0,1853.6698,30877.7731499968
753,2022-05-31 05:00:00+00:00,31660.0,32389.0,31207.0,31541.0,3036.3595,31888.5571256961
754,2022-06-01 05:00:00+00:00,31548.0,31866.0,29316.0,29773.0,2564.1346,30252.3730083436
755,2022-06-02 05:00:00+00:00,29781.0,30677.0,29572.0,30415.0,2372.4007,30154.545885145
756,2022-06-03 05:00:00+00:00,30393.0,30532.0,29251.0,29696.0,2750.8434,29714.2992391715
757,2022-06-04 05:00:00+00:00,29688.0,29951.0,29454.0,29709.0,557.3907,29715.7264209826
758,2022-06-05 05:00:00+00:00,29704.0,31323.0,29511.0,31200.0,1998.7646,30224.8768186109
759,2022-06-06 05:00:00+00:00,31209.0,31747.0,29181.0,29511.0,3708.3527,31219.2323397934
760,2022-06-07 05:00:00+00:00,29496.0,31558.0,29326.0,31120.0,2349.0109,30419.0898490509
761,2022-06-08 05:00:00+00:00,30209.0,30858.0,29900.0,30237.0,1455.4515,30351.0357570142
762,2022-06-09 05:00:00+00:00,30248.0,30672.0,29499.0,30080.0,3703.3601,30142.1484360919
763,2022-06-10 05:00:00+00:00,30066.0,30201.0,28801.0,29355.0,2206.7411,29359.0720636417
764,2022-06-11 05:00:00+00:00,29362.0,29413.0,27255.0,27410.0,1402.1727,28342.0797626426
765,2022-06-12 05:00:00+00:00,27400.0,28299.0,24900.0,25359.0,2770.1009,26893.1689163019
766,2022-06-13 05:00:00+00:00,25349.0,25820.0,20814.0,21942.0,5742.4432,22986.9342488229
767,2022-06-14 05:00:00+00:00,21949.0,23300.0,20890.0,21125.0,5257.4102,22148.8629873127
768,2022-06-15 05:00:00+00:00,21108.0,22968.0,20076.0,22097.0,6149.7907,21293.3908312359
769,2022-06-16 05:00:00+00:00,22065.0,22175.0,20210.0,20509.0,6262.8408,20939.4335919412
770,2022-06-17 05:00:00+00:00,20522.0,21331.0,20280.0,20462.0,2610.2764,20647.7919875458
771,2022-06-18 05:00:00+00:00,20460.0,20507.0,17590.0,18458.0,4273.8227,18785.7772572316
772,2022-06-19 05:00:00+00:00,18473.0,20815.0,17938.0,19850.0,4403.0305,19705.3598790197
773,2022-06-20 05:00:00+00:00,19823.0,21045.0,19758.0,20617.0,2119.1313,20389.0512829479
774,2022-06-21 05:00:00+00:00,20648.0,21708.0,20240.0,20409.0,2162.3235,20967.7474751581
775,2022-06-22 05:00:00+00:00,20420.0,20867.0,19742.0,20352.0,2860.2173,20262.0059564006
776,2022-06-23 05:00:00+00:00,20349.0,21345.0,20159.0,21036.0,1797.7723,20761.4148173826
777,2022-06-24 05:00:00+00:00,21019.0,21540.0,20720.0,21222.0,1559.9132,21156.4371488106
778,2022-06-25 05:00:00+00:00,21217.0,21587.0,20900.0,21413.0,553.3386,21273.3376363044
779,2022-06-26 05:00:00+00:00,21417.0,21868.0,20920.0,21224.0,1206.5168,21275.5808789401
780,2022-06-27 05:00:00+00:00,21231.0,21539.0,20474.0,20754.0,1667.9927,20844.5109550539
781,2022-06-28 05:00:00+00:00,20750.0,21180.0,20131.0,20288.0,2711.438,20464.9887903762
782,2022-06-29 05:00:00+00:00,20278.0,20411.0,19827.0,20022.0,1842.0032,20069.1600127513
783,2022-06-30 05:00:00+00:00,20033.0,20886.0,18620.0,19387.0,4096.8235,19628.2162051892
784,2022-07-01 05:00:00+00:00,19381.0,19772.0,18953.0,19176.0,1643.6792,19372.9847123453
785,2022-07-02 05:00:00+00:00,19173.0,19421.0,18767.0,19189.0,758.3779,19173.1577091052
786,2022-07-03 05:00:00+00:00,19242.0,19626.0,18918.0,19101.0,706.1335,19233.4131393001
787,2022-07-04 05:00:00+00:00,19102.0,20451.0,19064.0,20253.0,2175.9741,19802.847592947
788,2022-07-05 05:00:00+00:00,20253.0,20722.0,19285.0,20074.0,2346.2799,19888.6401948889
789,2022-07-06 05:00:00+00:00,20077.0,20647.0,19854.0,20397.0,1625.4283,20271.5484064108
790,2022-07-07 05:00:00+00:00,20398.0,22488.0,20236.0,21971.0,2208.0115,21242.8247479689
791,2022-07-08 05:00:00+00:00,21969.0,22120.0,21175.0,21540.0,1411.6622,21663.1265918291
792,2022-07-09 05:00:00+00:00,21541.0,21953.0,21117.0,21269.0,697.0735,21558.7317249903
793,2022-07-10 05:00:00+00:00,21267.0,21396.0,20419.0,20519.0,1248.1343,20906.46221925
794,2022-07-11 05:00:00+00:00,20515.0,20731.0,19778.0,19999.0,1291.4955,20255.0352560268
795,2022-07-12 05:00:00+00:00,19978.0,20038.0,19230.0,19463.0,1378.3524,19652.5553037815
796,2022-07-13 05:00:00+00:00,19463.0,20414.0,18890.0,20059.0,2946.2563,19624.3259930577
797,2022-07-14 05:00:00+00:00,20076.0,20882.0,19613.0,20536.0,2257.0972,20312.3966041427
798,2022-07-15 05:00:00+00:00,20537.0,21189.0,20505.0,20747.0,1418.7635,20885.2396487505
799,2022-07-16 05:00:00+00:00,20740.0,21584.0,20480.0,21250.0,1573.0148,21021.5061190143
800,2022-07-17 05:00:00+00:00,21253.0,21661.0,20745.0,21286.0,918.6409,21127.0521950416
801,2022-07-18 05:00:00+00:00,21303.0,22960.0,21301.0,21909.0,3654.8106,22173.130737746
802,2022-07-19 05:00:00+00:00,21891.0,23799.0,21591.0,23386.0,4016.3989,23070.5240806385
803,2022-07-20 05:00:00+00:00,23396.0,24285.0,22641.0,22880.0,3865.4066,23591.7942936197
804,2022-07-21 05:00:00+00:00,22883.0,23350.0,22347.0,22971.0,2453.0394,22898.3677666164
805,2022-07-22 05:00:00+00:00,22965.0,23752.0,22506.0,22900.0,2859.75,23200.9666900953
806,2022-07-23 05:00:00+00:00,22908.0,22998.0,21951.0,22390.0,1249.8197,22347.3526252627
807,2022-07-24 05:00:00+00:00,22394.0,23024.0,21754.0,21892.0,1570.3461,22456.4559201312
808,2022-07-25 05:00:00+00:00,21892.0,22252.0,20865.0,21121.0,1966.3638,21543.0391963583
809,2022-07-26 05:00:00+00:00,21128.0,21299.0,20714.0,21125.0,1206.1059,20986.9883261495
810,2022-07-27 05:00:00+00:00,21117.0,23602.0,21115.0,23066.0,3077.2141,22412.3351338147
811,2022-07-28 05:00:00+00:00,23071.0,24199.0,22593.0,24019.0,2967.3957,23579.221171076
812,2022-07-29 05:00:00+00:00,24012.0,24439.0,23442.0,23748.0,3092.7858,23863.549446845
813,2022-07-30 05:00:00+00:00,23750.0,24690.0,23500.0,23830.0,2535.6317,24160.7348594829
814,2022-07-31 05:00:00+00:00,23808.0,24200.0,23246.0,23400.0,1811.2616,23639.6257754264
815,2022-08-01 05:00:00+00:00,23396.0,23514.0,22763.0,22871.0,2027.6754,23165.1596836949
816,2022-08-02 05:00:00+00:00,22870.0,23472.0,22669.0,22841.0,1670.5512,22975.2994622374
817,2022-08-03 05:00:00+00:00,22838.0,23639.0,22809.0,23288.0,1101.543,23384.4817474216
